5 22 22 16 28 27 9 31 22 1 26 0 27 8 6 22 17 14 8 31 20 28 7 15 13 27 2 27 28 31 17 26 21 0 20 1 13 25 7 26 25 16 22 7 25 10 21 9 10 16 5 29 3 2 9 27 10 8 5 23 0 8 7 19 28 6 30 14 2 23 22 0 17 23 29 15 12 12 6 31 2 1 26 18 14 14 5 22 16 28 8 1 9 5 22 5 1 0 11 30 1 2 12 28 23 13 27 18 3 13 12 27 22 5 17 15 25 23 4 0 31 18 19 3 4 3 10 22 9 28 30 6 18 29 11 17 9 11 6 24 8 23 4 14 7 31 9 26 22 26 13 14 5 7 14 29 14 6 31 7 3 5 7 30 17 1 0 14 26 29 27 28 6 27 12 29 3 29 11 30 
31 28 5 3 10 9 31 3 6 17 19 2 27 21 23 2 31 17 12 19 2 27 6 21 10 10 6 28 5 9 17 18 27 7 6 8 10 9 17 31 27 19 21 2 27 17 10 19 7 5 11 22 30 30 27 8 5 20 26 15 26 15 19 30 9 22 19 4 3 23 29 28 8 22 11 5 22 25 23 29 2 26 18 12 30 25 7 5 29 4 17 22 5 11 27 17 5 17 3 26 11 1 8 2 9 20 11 31 30 7 0 8 7 31 11 25 31 4 12 25 19 18 30 13 21 13 14 7 0 3 22 16 23 24 8 3 6 14 26 21 30 21 4 2 18 26 7 13 30 6 31 5 19 2 18 1 3 29 18 6 12 23 25 18 0 7 3 14 11 30 12 30 13 4 5 27 6 2 23 1 
24 10 26 16 7 2 31 13 25 2 27 22 25 30 22 24 15 20 2 28 0 10 28 9 21 28 15 5 19 19 2 0 25 19 4 2 30 2 21 23 18 2 19 6 22 22 31 20 17 5 14 28 22 9 13 29 16 29 28 9 4 20 21 11 29 23 26 16 4 1 9 13 30 22 6 15 18 6 4 23 25 4 24 1 29 25 22 27 10 29 2 30 16 31 10 19 16 27 26 17 17 30 17 23 14 29 21 25 23 26 6 0 23 1 1 28 10 14 2 29 31 28 5 23 21 23 20 26 9 4 6 6 16 14 17 30 21 6 28 10 29 19 12 5 21 25 12 10 29 12 13 29 31 13 7 15 27 22 11 6 1 9 10 8 13 8 1 13 14 13 16 28 4 21 19 20 13 14 6 8 
11 8 16 17 23 9 12 3 18 1 31 10 16 14 13 30 18 31 21 31 19 27 1 9 2 9 12 25 3 16 12 2 26 3 26 4 20 2 30 26 0 27 19 27 12 22 5 25 9 22 7 14 8 21 11 30 1 4 24 21 20 23 6 5 6 16 9 3 20 7 1 10 2 25 26 19 26 7 19 5 30 18 6 27 12 4 8 28 15 28 19 7 4 16 30 9 7 23 8 5 2 25 11 31 10 9 23 19 15 0 31 13 29 2 22 31 20 15 23 15 8 20 14 29 0 4 12 16 22 10 31 7 9 10 31 12 31 29 15 12 21 28 22 8 18 22 20 1 2 9 21 18 21 27 0 4 27 9 13 13 2 5 31 12 27 6 6 26 3 20 26 14 11 23 20 26 23 19 2 4 
20 25 31 28 31 5 15 17 6 5 15 24 14 11 30 18 18 21 21 31 1 28 20 18 19 2 11 8 22 9 31 15 9 1 3 26 18 6 5 20 23 0 21 21 2 26 18 2 12 15 5 0 12 25 30 9 31 11 26 23 10 4 7 26 30 0 5 14 25 30 14 18 19 17 14 14 17 24 19 16 16 1 19 15 26 20 15 8 7 17 25 30 0 5 2 26 2 24 21 25 4 12 26 20 24 16 6 9 21 5 12 22 9 12 5 26 26 16 16 1 14 13 7 29 29 9 4 15 26 29 11 28 1 13 26 19 7 1 4 25 15 3 5 11 26 17 12 28 23 22 18 25 28 6 15 12 20 15 27 18 30 4 19 23 4 22 27 1 30 22 16 28 21 17 2 17 23 22 3 26 
17 19 26 20 20 1 29 5 30 3 17 6 9 28 27 28 13 19 28 28 23 1 30 5 7 20 8 10 30 9 10 4 27 16 11 2 20 28 9 2 1 26 16 3 11 7 10 8 8 1 21 25 29 12 6 13 9 24 6 4 0 27 31 12 12 5 17 17 17 19 17 8 5 24 1 22 8 25 17 20 18 16 3 30 3 22 24 29 4 29 3 24 29 26 19 3 23 12 29 21 4 5 30 1 29 24 23 9 30 29 22 0 6 9 31 26 29 28 11 28 18 23 2 1 21 17 0 2 0 3 5 10 31 0 9 29 17 30 26 1 3 18 29 10 17 22 29 28 1 8 1 11 8 26 0 31 30 1 6 19 4 2 13 14 19 1 0 17 23 4 6 25 14 15 27 28 6 9 15 12 
27 30 0 12 2 1 1 20 11 29 4 9 10 5 26 30 30 10 8 8 9 30 4 5 4 1 11 21 7 7 17 0 0 20 5 16 10 13 23 0 8 27 21 23 30 20 9 16 27 27 17 3 3 15 0 14 4 29 29 6 25 30 28 15 22 17 31 24 0 16 3 30 8 30 19 3 21 21 27 13 4 18 3 21 26 20 16 5 20 1 16 8 29 5 11 3 6 27 15 4 11 20 19 1 27 29 30 0 31 30 30 7 7 20 12 31 24 30 26 18 3 26 3 3 16 17 7 29 0 29 27 0 31 20 12 23 18 9 18 20 29 14 25 4 28 29 28 14 13 0 20 27 22 4 24 10 1 22 11 23 8 9 3 18 9 2 25 28 7 13 11 2 7 0 0 20 8 16 12 19 
5 22 21 14 5 8 29 24 7 20 25 26 15 30 16 5 22 6 15 14 26 30 24 16 31 19 23 11 6 8 16 9 5 19 26 6 25 15 18 25 6 12 26 1 27 23 0 2 13 7 13 21 27 22 25 25 29 3 9 27 7 27 7 1 3 17 11 1 27 24 29 15 9 3 4 22 11 14 27 29 27 20 25 21 10 22 31 19 5 24 31 25 21 19 20 31 0 22 26 10 9 17 29 23 1 6 2 17 7 11 12 3 30 4 14 13 2 9 22 13 1 23 30 29 12 1 25 18 27 6 0 17 1 21 26 22 3 1 15 0 29 28 23 20 9 8 13 27 3 28 12 5 6 9 11 12 2 28 31 17 11 7 18 30 19 19 20 31 26 15 1 12 3 26 24 15 15 20 5 19 
18 29 23 1 3 25 31 28 9 20 3 10 7 11 28 8 18 0 26 26 4 8 8 28 13 5 30 2 2 20 25 13 6 16 8 6 24 17 27 2 5 28 2 12 28 3 17 31 19 27 0 4 7 9 19 18 28 21 4 25 14 25 31 3 19 19 19 3 29 22 4 19 17 14 11 4 2 28 2 28 27 16 16 28 31 20 11 10 30 27 23 28 9 0 3 30 30 11 2 19 27 31 23 14 7 25 13 20 20 15 11 2 29 18 23 12 18 13 28 25 12 10 28 27 4 29 24 3 10 4 8 25 8 2 11 0 18 0 28 7 16 3 18 25 17 22 23 2 29 25 7 10 25 9 28 27 16 6 8 11 31 9 1 31 16 21 15 22 27 12 29 30 29 3 22 20 27 3 8 25 
25 3 25 5 24 9 6 9 1 15 27 21 1 7 30 11 19 11 30 1 1 5 7 4 13 29 27 10 1 10 14 26 18 30 7 31 31 23 22 4 8 28 28 24 2 2 30 8 29 15 16 24 6 1 13 12 26 21 6 24 0 12 18 28 23 15 0 31 16 20 19 8 18 19 27 14 27 12 7 10 2 20 29 27 14 28 25 26 19 13 15 28 26 7 28 24 22 5 31 15 20 6 11 30 11 28 7 20 5 1 31 2 11 1 13 22 7 25 28 28 6 15 12 15 16 0 27 14 17 17 2 18 22 13 28 19 4 6 1 25 28 31 23 22 16 30 14 23 14 7 6 28 19 7 23 3 11 8 0 24 24 29 28 13 7 13 20 31 1 20 5 22 26 1 8 16 27 19 8 13 
12 17 30 13 20 26 8 10 10 27 18 29 6 13 31 10 10 20 5 11 5 24 29 19 1 12 3 13 31 0 19 20 28 19 2 17 6 27 17 16 25 1 30 3 17 23 18 25 22 23 9 10 7 9 8 0 6 1 8 13 31 1 24 2 4 23 26 2 22 15 28 25 27 30 24 19 14 13 26 20 23 12 2 29 22 27 1 28 16 13 1 21 5 17 31 30 8 0 9 14 17 26 6 26 20 5 23 11 14 23 9 6 3 12 31 14 23 25 1 9 22 2 8 0 9 1 10 20 25 31 26 10 4 8 14 1 6 24 1 26 8 24 17 22 31 12 15 9 1 18 10 8 5 23 31 19 31 3 5 26 5 4 4 10 19 26 11 15 0 5 31 23 15 27 4 3 8 7 2 6 
23 6 29 24 9 28 30 8 20 10 23 15 24 28 17 17 7 24 17 18 14 4 10 17 17 26 12 0 6 27 27 14 24 2 3 18 20 7 25 28 11 25 28 14 20 4 21 21 23 17 10 6 25 14 21 27 20 6 17 9 22 30 15 19 8 20 6 13 8 27 3 22 7 26 24 6 2 9 22 31 10 24 28 15 21 30 12 10 31 26 31 25 16 23 8 2 2 4 19 27 11 31 19 30 29 10 7 28 14 30 17 20 3 19 18 30 18 11 10 22 29 22 15 29 7 20 10 1 15 26 28 3 17 23 23 20 17 16 3 26 11 7 22 17 18 0 27 27 18 7 2 16 5 18 22 12 18 22 3 1 21 1 6 20 21 25 6 0 20 16 29 1 12 18 12 1 15 3 28 12 
29 9 25 18 4 15 22 17 6 21 22 24 4 26 29 19 2 23 29 14 24 11 10 29 6 17 13 8 30 3 17 1 18 22 2 30 14 2 14 16 15 14 1 31 21 11 21 0 23 6 19 9 22 17 25 6 17 4 17 27 26 25 28 24 26 12 16 17 26 16 31 10 18 19 21 13 30 26 16 27 4 8 11 27 13 5 15 17 10 12 14 22 13 25 31 1 0 6 18 22 8 21 11 26 5 10 18 5 28 17 26 3 16 31 3 30 8 21 19 0 26 19 8 8 3 27 24 5 10 25 24 18 26 19 11 11 15 29 29 22 16 8 18 18 29 12 15 3 10 26 5 18 8 23 1 16 6 24 25 28 24 14 17 19 19 18 23 9 13 21 16 18 0 10 16 19 18 11 29 25 
23 18 24 24 31 16 28 17 7 16 30 30 11 4 8 30 18 15 19 30 7 7 9 9 14 11 28 24 1 2 9 22 24 2 25 20 10 29 22 12 16 0 14 23 6 23 12 3 29 27 23 26 28 15 5 8 31 13 18 8 2 7 19 0 6 16 17 30 23 15 5 26 7 1 5 26 1 27 2 7 11 10 23 1 16 23 7 31 20 15 6 4 7 1 7 17 3 29 12 17 0 5 0 31 10 24 20 9 24 21 2 28 1 9 29 28 20 19 12 1 16 30 22 21 24 6 19 17 11 9 17 31 5 6 28 22 8 17 10 31 16 15 24 20 3 26 1 17 4 17 1 27 4 21 30 11 22 31 7 0 3 17 21 17 7 1 30 20 27 6 4 1 0 17 3 18 27 29 23 28 
17 29 2 11 5 13 18 12 27 2 1 9 17 16 28 23 7 3 6 7 28 0 24 4 17 31 6 6 3 4 19 9 0 9 20 17 25 21 10 1 30 17 19 28 12 1 2 23 0 2 20 28 24 17 18 0 19 27 10 23 3 28 11 29 29 21 16 27 1 20 5 11 9 3 5 8 13 3 31 15 13 6 16 25 24 6 19 30 20 25 10 23 30 28 31 24 18 20 28 9 15 28 19 17 18 24 31 25 3 29 19 21 13 0 9 15 8 10 0 9 11 10 7 14 15 15 21 24 11 1 0 9 19 6 15 21 1 13 31 17 18 0 4 22 26 28 4 18 8 0 22 8 18 15 30 18 24 1 8 17 30 4 22 9 15 15 1 8 9 14 5 13 11 24 25 5 4 24 14 0 
15 31 14 7 12 16 25 28 14 31 31 24 5 4 31 14 21 24 18 19 6 24 18 24 21 19 15 4 9 9 14 18 22 0 8 12 17 0 12 6 16 10 9 10 19 2 12 21 16 20 14 22 4 13 27 16 2 27 1 2 7 12 21 8 17 8 31 23 15 19 5 24 22 2 10 24 20 9 24 16 27 16 16 26 17 11 15 3 1 7 27 31 20 8 6 21 24 2 17 31 10 30 20 12 1 12 26 11 1 6 14 19 14 19 15 28 21 2 24 17 28 23 20 4 21 17 11 27 29 9 6 25 0 23 11 23 20 26 29 11 12 0 23 18 30 7 16 0 2 10 21 0 6 3 19 31 31 12 29 20 29 17 12 4 1 0 27 28 5 30 4 18 6 17 2 8 25 1 15 29 
21 27 9 16 1 27 22 14 31 21 20 9 23 6 11 11 21 25 17 0 24 7 19 24 7 31 2 1 6 6 15 2 16 31 10 16 21 20 11 1 6 31 28 1 31 18 30 30 20 16 2 7 23 1 11 4 4 27 0 21 28 21 25 12 24 29 30 4 14 7 0 11 11 5 14 14 24 2 16 15 1 9 28 12 26 0 11 17 15 1 24 18 15 19 1 26 17 18 13 22 6 12 30 5 15 24 5 6 28 20 11 10 26 1 8 9 25 6 29 0 4 6 20 4 4 16 28 6 9 14 11 28 4 18 15 22 2 26 29 2 12 10 10 6 1 23 18 9 2 24 16 14 13 22 25 25 18 1 20 12 24 24 19 2 5 13 29 21 27 24 24 14 6 10 30 6 9 17 30 18 
18 15 11 10 2 24 6 21 27 28 31 0 25 2 25 12 2 9 12 28 27 4 24 16 27 18 28 31 6 11 31 9 0 8 10 25 19 27 3 5 17 9 14 8 6 9 3 13 24 12 30 4 26 24 17 2 7 14 25 16 30 2 17 7 17 20 23 28 1 17 25 11 23 16 16 21 27 9 14 23 19 31 1 26 6 28 19 19 26 27 14 30 6 10 15 14 30 12 3 3 28 19 2 29 30 23 24 21 22 27 5 14 10 11 16 0 1 10 11 22 4 4 19 3 28 8 21 12 27 27 29 28 9 12 17 27 2 10 7 15 22 15 10 0 26 1 25 11 4 26 18 11 27 5 18 18 23 17 25 19 7 21 18 3 26 28 5 11 27 9 25 27 21 7 17 24 5 15 9 13 
14 12 27 19 2 10 21 28 14 10 2 28 22 18 1 20 19 0 9 25 26 7 2 24 12 29 24 26 21 10 7 1 14 27 31 1 31 17 9 16 31 9 17 27 12 20 1 14 2 12 24 11 17 0 4 26 20 8 3 16 15 13 2 12 24 27 2 10 25 15 23 4 6 14 23 24 31 27 21 8 15 16 4 11 2 24 22 16 1 17 17 24 7 29 20 16 6 6 8 4 19 8 14 18 20 19 0 17 8 29 17 5 2 7 12 5 4 14 9 30 20 31 21 3 3 7 30 19 5 26 0 3 29 26 26 17 30 1 23 22 22 0 23 9 26 12 23 16 15 5 13 15 16 7 6 12 16 20 4 29 20 26 30 7 27 1 5 13 2 14 13 23 16 24 26 18 21 24 10 29 
19 14 22 10 30 31 21 17 1 21 22 24 18 24 6 20 18 1 8 21 12 13 7 9 20 10 30 4 9 22 20 28 13 25 6 11 31 31 30 19 20 9 0 13 26 24 0 8 5 1 24 9 16 29 16 3 1 0 23 11 9 0 0 12 0 27 5 23 27 21 11 9 25 19 8 9 29 12 9 27 12 19 4 24 0 9 30 16 0 10 20 7 1 1 14 28 29 7 16 20 30 16 21 4 28 8 27 28 27 12 18 17 22 26 8 18 25 24 26 21 29 5 10 28 10 30 22 17 7 3 19 2 29 30 22 12 9 5 31 26 6 17 17 23 4 25 19 13 7 15 30 18 16 25 0 22 6 26 23 16 3 27 22 1 11 21 14 19 30 21 17 18 2 22 24 26 12 17 16 12 
8 19 3 10 9 15 15 7 18 30 23 25 1 19 1 26 7 27 31 13 25 24 20 17 9 29 30 8 6 31 6 26 6 0 21 25 18 23 17 23 30 11 31 19 20 2 17 25 15 27 15 16 29 7 16 3 9 5 17 14 20 2 26 19 21 10 28 11 10 18 3 15 15 21 3 2 8 14 4 2 23 31 12 23 18 24 26 22 0 16 15 16 29 16 1 9 14 1 29 18 16 23 17 12 23 9 28 20 30 11 1 2 19 4 27 6 10 26 5 20 23 21 28 18 20 11 5 18 9 23 11 9 26 15 1 5 7 1 12 3 6 12 14 1 28 12 14 12 23 21 14 31 4 8 8 2 23 28 2 0 16 30 1 30 10 21 5 3 13 8 6 23 2 26 14 31 23 6 31 18 
29 15 16 7 31 28 16 31 1 24 31 13 29 23 2 9 27 0 4 18 29 23 9 19 30 27 15 9 28 8 13 27 17 21 14 10 17 5 15 22 21 25 22 27 21 7 4 1 21 7 23 30 4 5 14 3 30 12 22 21 8 8 3 10 3 31 22 9 16 8 19 16 14 19 10 30 24 4 11 1 13 6 0 9 9 30 12 19 5 20 24 28 18 10 6 16 20 4 8 11 18 22 16 14 9 4 0 3 31 24 5 9 24 21 13 6 11 4 2 22 1 20 31 10 5 2 30 5 6 2 19 4 3 28 7 22 22 4 15 15 28 16 7 9 6 24 11 9 18 7 10 26 24 19 4 12 11 5 27 7 21 8 25 9 15 6 13 9 7 21 26 29 6 11 1 21 16 0 28 25 
2 21 9 26 19 25 18 23 31 16 24 22 21 16 6 22 19 16 21 13 29 12 12 13 31 19 3 15 25 31 23 7 24 17 20 17 11 31 31 7 29 10 3 19 0 0 0 5 17 12 1 11 18 11 17 31 30 9 7 17 13 22 18 22 27 24 31 5 13 21 8 1 8 6 1 22 21 19 18 27 11 5 3 27 30 19 18 13 9 8 5 5 13 19 14 23 26 29 5 23 6 17 24 15 9 9 28 12 5 25 14 14 5 24 12 15 12 23 7 25 6 31 3 28 12 29 2 21 28 19 1 7 5 14 1 7 28 9 13 9 0 25 5 0 25 13 13 11 1 28 10 20 24 27 31 26 6 15 29 17 26 16 27 28 3 21 19 18 9 25 10 16 6 27 6 19 0 10 25 30 
0 16 0 30 25 6 29 5 26 19 7 0 18 27 29 8 17 18 29 10 30 14 29 27 8 27 22 8 0 0 18 18 14 7 7 1 22 28 30 29 9 10 6 17 23 19 17 16 1 25 28 10 0 10 22 0 14 23 12 25 12 2 24 28 27 21 31 5 1 16 7 29 21 1 17 4 27 13 4 27 13 13 2 13 11 13 31 8 28 29 9 4 11 5 19 18 25 14 11 6 22 6 22 12 5 1 19 1 21 13 28 17 15 18 11 10 0 15 22 21 21 10 24 15 5 12 3 21 1 18 0 3 6 9 11 5 7 20 17 30 10 24 15 3 11 19 28 31 21 30 6 11 26 13 27 6 7 7 30 19 17 3 19 10 28 23 23 4 10 2 29 8 3 23 9 8 29 24 17 13 
8 15 23 11 31 15 27 10 22 25 1 25 4 0 25 29 7 2 13 29 31 27 29 16 25 19 11 27 11 12 25 6 6 4 12 21 0 17 1 23 21 24 20 30 13 11 20 15 3 5 12 4 16 10 16 16 5 20 25 2 20 5 4 26 9 10 7 2 17 16 18 6 19 28 17 6 10 4 31 31 2 31 11 12 2 22 25 26 6 22 26 23 22 11 2 1 18 4 8 31 1 16 8 12 0 20 20 29 16 7 28 19 11 5 15 30 25 24 6 5 9 0 15 10 28 4 31 17 16 16 19 27 1 1 13 14 3 5 4 27 26 24 11 19 17 11 26 9 4 24 7 22 19 23 21 1 22 26 1 23 27 31 12 27 20 5 20 16 8 13 7 28 1 5 10 0 31 3 7 11 
2 13 9 30 27 14 21 17 6 17 18 24 23 2 18 14 9 25 24 18 2 18 19 1 10 1 30 15 3 20 16 13 14 3 7 4 12 31 22 28 24 27 8 7 24 23 0 9 31 26 3 21 27 19 17 7 19 21 7 15 14 3 8 29 23 16 8 20 30 22 21 21 3 9 9 24 6 16 29 18 31 21 8 0 29 6 3 25 23 10 12 23 30 5 10 9 16 1 19 15 21 23 8 22 31 19 17 12 19 22 30 21 5 26 27 9 16 29 16 11 1 8 11 29 21 24 11 8 0 25 20 15 17 14 23 3 7 26 19 21 18 13 29 27 26 14 26 14 29 20 25 23 4 1 17 24 18 25 22 21 4 17 19 20 27 14 17 1 24 2 13 25 20 31 29 19 27 3 30 8 
12 8 5 31 28 27 0 10 11 2 7 3 7 18 23 19 17 0 10 26 3 18 21 28 21 13 31 2 26 19 12 9 3 22 28 25 5 18 25 27 29 23 17 0 26 15 12 20 9 23 6 21 9 17 31 15 16 19 31 30 7 7 4 15 16 19 19 25 4 1 24 17 7 27 18 5 5 6 6 16 12 27 20 1 23 28 19 27 2 7 29 14 14 5 17 27 29 22 24 2 4 9 14 7 13 1 3 13 31 13 1 16 14 14 28 29 30 11 19 20 29 27 1 18 22 3 8 4 9 2 9 1 6 18 8 2 26 9 12 29 2 6 25 9 17 17 15 4 19 20 9 27 22 5 17 18 21 18 26 10 7 16 2 23 30 22 6 20 16 5 26 15 23 3 22 7 26 3 29 7 
1 7 5 22 27 17 31 4 1 26 4 3 6 19 10 0 19 25 9 1 7 31 11 6 5 31 16 22 9 3 29 1 20 17 3 17 11 7 20 6 28 24 9 9 30 12 20 2 20 20 26 6 28 4 5 14 9 18 5 28 27 14 27 21 2 29 26 15 15 7 4 17 21 29 12 1 24 19 13 23 4 10 9 6 18 28 21 1 22 27 25 25 4 20 3 28 2 27 12 6 8 2 21 7 14 2 11 0 21 14 18 30 17 7 1 27 6 24 31 29 25 12 5 14 12 16 17 25 9 9 6 0 6 13 27 4 28 27 5 17 15 5 23 20 4 17 15 22 16 10 15 0 7 7 11 8 16 16 4 14 21 24 11 2 29 27 28 0 25 7 9 6 17 20 23 19 27 18 7 16 
26 6 31 2 18 15 14 16 3 7 12 26 17 4 17 27 16 3 28 24 19 16 2 25 17 24 17 29 5 25 2 13 4 29 22 0 14 11 28 1 24 21 17 27 26 2 3 13 16 15 3 16 31 28 10 2 13 16 4 2 10 19 4 31 30 14 22 17 30 9 22 13 6 28 6 4 24 28 30 0 21 15 3 6 17 29 23 26 31 24 0 4 30 16 9 12 9 14 31 1 8 10 26 12 18 8 22 2 31 21 23 30 25 2 11 28 0 19 16 12 4 5 15 3 18 8 24 10 5 11 4 19 15 26 0 5 2 23 12 17 5 14 13 10 8 13 12 10 5 25 2 19 6 26 26 1 17 7 12 19 28 1 24 2 26 14 2 17 23 19 21 18 28 19 21 14 20 15 1 16 
28 0 21 18 5 3 29 24 21 12 17 8 1 0 18 4 9 27 0 5 2 25 30 15 29 10 3 0 27 2 16 31 30 27 12 7 13 31 12 9 12 1 26 4 3 19 22 27 1 24 2 17 11 9 22 26 16 5 3 10 19 8 25 7 31 27 31 4 25 26 27 1 22 31 30 30 0 14 27 12 29 3 20 6 26 17 14 16 2 20 28 26 27 9 23 19 30 5 6 19 6 12 10 1 7 19 29 27 30 5 26 3 0 1 26 8 28 2 19 28 13 26 17 27 20 13 0 1 13 22 28 24 8 17 14 3 25 25 21 24 14 20 9 16 0 5 1 18 7 18 21 19 20 23 20 25 11 28 2 25 5 23 4 31 27 1 1 6 23 24 0 7 15 28 12 10 15 3 13 25 
16 29 24 28 13 15 7 4 27 13 10 5 1 5 10 0 8 7 16 11 11 3 26 6 25 30 23 16 27 5 13 24 1 12 0 2 13 26 24 25 5 19 21 22 4 22 31 21 18 9 31 19 9 31 16 11 13 0 14 3 26 31 15 28 4 15 17 31 31 10 3 14 28 26 29 31 26 4 19 3 10 19 15 29 28 23 29 13 24 9 7 4 20 11 12 25 25 21 24 25 18 16 31 16 28 0 24 27 18 16 24 1 16 4 16 10 6 21 7 13 7 11 21 11 2 6 31 1 14 31 17 22 26 29 29 20 1 17 24 23 7 24 22 10 2 14 13 11 21 25 21 17 29 17 4 31 25 31 1 25 6 10 29 21 14 16 2 9 8 9 26 10 11 16 8 27 11 2 1 13 
25 12 12 10 0 1 13 25 10 14 8 0 22 16 11 18 26 17 13 9 0 15 5 28 26 19 6 24 0 19 7 9 13 12 4 0 7 29 27 5 10 2 24 26 15 21 14 9 1 5 14 14 30 15 21 22 16 25 16 18 10 20 2 8 11 31 10 13 21 19 25 8 1 1 5 22 11 10 21 7 11 17 4 19 2 14 19 22 12 13 2 27 10 15 17 7 20 7 11 16 28 15 21 25 30 24 29 4 3 19 10 5 31 9 21 20 17 28 0 18 17 27 15 18 6 28 28 22 26 11 20 0 23 15 26 24 3 19 3 26 24 22 28 0 15 25 18 12 18 5 22 20 29 12 26 12 20 18 24 6 22 12 23 19 9 5 14 13 12 9 12 12 28 11 27 21 29 11 15 20 
31 18 28 0 2 22 1 24 20 8 4 0 16 5 8 23 20 25 10 12 0 20 4 6 31 28 8 29 15 31 2 29 23 0 29 27 6 0 11 18 15 13 5 27 1 2 18 17 19 23 28 15 28 20 3 4 29 23 27 30 4 4 18 1 31 3 8 18 6 11 0 0 31 25 17 2 24 3 29 7 4 25 26 5 22 5 2 31 27 5 19 19 29 19 4 8 14 19 5 15 16 25 19 30 25 3 28 7 8 31 13 27 10 10 3 4 21 31 21 29 17 26 30 5 22 8 17 20 0 0 20 0 29 21 29 23 1 14 21 16 5 18 1 9 24 16 29 3 24 15 1 10 25 19 0 15 9 27 20 2 8 24 25 26 28 13 5 26 25 10 28 12 2 13 16 3 8 30 28 9 
31 20 16 17 18 17 9 31 10 5 13 17 25 7 24 28 12 8 25 31 6 19 3 26 26 9 4 17 19 1 7 27 24 3 28 8 31 7 2 13 9 4 29 28 8 14 14 3 25 2 17 3 9 30 21 12 12 13 30 22 1 1 4 18 5 0 21 29 21 8 2 30 3 11 26 18 23 1 23 0 26 5 20 29 22 8 7 15 29 27 16 17 10 18 18 24 18 2 31 26 25 2 23 18 2 5 11 8 1 18 0 31 4 10 8 8 15 11 29 20 12 19 3 9 25 15 27 6 7 26 4 25 18 29 29 0 18 4 5 20 22 16 3 13 0 18 22 13 28 17 22 3 16 22 26 17 23 19 23 27 17 17 29 2 0 6 18 24 27 22 5 7 6 23 19 6 20 30 22 30 
20 29 21 20 1 17 7 1 26 10 20 1 11 30 25 9 10 27 28 11 4 8 7 13 6 24 28 9 6 15 20 23 7 12 14 8 0 28 8 8 23 3 3 24 28 1 23 28 9 11 14 28 9 13 15 3 26 27 22 28 8 18 1 8 14 25 19 29 22 10 11 10 1 1 12 0 30 2 28 16 11 1 22 25 28 4 20 3 6 10 16 28 22 25 12 1 0 7 9 12 7 0 0 15 23 8 11 24 27 10 30 24 25 20 26 31 7 27 22 20 13 7 25 6 26 1 24 26 8 0 16 12 8 10 0 2 9 18 15 26 14 18 16 3 16 23 7 23 30 13 30 22 4 7 23 21 18 26 18 6 21 9 31 19 10 3 25 18 10 3 29 6 11 29 6 15 31 14 21 13 
9 29 27 15 9 11 29 3 17 22 7 25 5 6 25 15 12 1 2 15 12 28 0 8 31 3 10 19 18 12 4 30 29 4 31 19 20 30 14 28 7 18 4 31 15 27 22 4 26 10 12 9 28 24 6 18 8 14 20 24 30 24 7 12 13 24 7 26 4 18 20 25 18 31 11 2 9 26 8 15 30 21 3 9 13 5 0 16 31 27 9 4 7 21 10 27 4 21 7 25 6 16 11 29 21 2 24 10 7 19 11 23 7 20 30 23 23 22 17 0 0 14 16 21 26 25 5 20 27 0 19 27 29 17 29 16 5 6 16 21 29 4 9 23 17 26 12 1 16 23 4 22 27 30 1 25 27 25 7 5 3 5 26 13 4 3 17 17 4 24 13 24 2 0 30 8 26 26 1 15 
3 18 14 19 20 24 2 11 24 1 30 27 25 16 10 1 9 17 3 23 6 6 27 1 16 9 0 23 27 8 24 30 10 0 7 24 27 9 31 4 5 10 30 22 1 19 1 1 27 15 25 31 15 5 13 27 6 10 7 5 20 0 2 22 27 6 4 17 4 9 12 14 31 28 26 27 30 11 16 0 13 31 6 26 19 26 14 4 16 20 29 15 8 16 10 3 2 29 17 31 2 12 8 23 27 27 17 17 13 28 23 23 7 7 2 21 12 15 1 12 6 27 23 6 7 25 18 1 29 16 16 29 4 17 29 3 23 21 8 18 30 9 16 8 12 1 2 27 9 13 14 22 14 29 24 17 26 3 22 2 31 4 28 0 29 6 6 27 29 24 3 7 7 7 12 8 6 29 20 7 
3 30 9 4 31 1 3 19 8 6 16 3 21 2 3 23 18 16 26 17 22 17 18 25 21 3 7 17 6 25 9 26 29 25 11 21 24 17 11 4 16 8 19 3 9 4 6 19 11 31 8 11 18 18 10 27 5 29 22 14 24 1 19 22 22 1 22 4 14 0 5 7 9 30 19 13 20 12 24 1 16 13 12 14 29 17 2 13 30 26 10 18 6 17 18 5 2 19 30 9 15 0 29 5 26 18 3 23 25 6 28 18 20 16 14 14 31 8 0 17 24 26 31 31 1 14 7 20 19 14 11 20 5 24 2 29 26 1 3 29 14 23 5 0 18 8 29 26 27 4 4 0 21 19 26 1 0 10 27 18 1 15 10 5 24 8 2 10 0 27 4 7 22 17 10 13 29 14 0 0 
26 24 10 14 12 0 31 27 5 3 30 26 11 22 30 15 23 8 16 17 23 12 31 0 17 18 19 23 25 25 25 27 5 26 27 21 30 20 27 27 28 12 19 3 1 4 30 27 30 14 16 0 0 5 12 20 27 14 24 19 8 15 15 22 3 12 24 1 0 16 18 15 11 19 3 15 0 15 23 15 13 26 13 25 11 9 31 2 10 25 15 18 8 18 9 16 18 31 26 0 13 27 20 23 6 7 8 5 29 5 27 20 2 10 1 20 8 30 3 16 22 18 17 21 3 27 16 23 31 21 9 5 18 14 8 16 15 1 18 1 28 21 23 27 9 3 16 23 16 20 12 18 16 7 20 0 15 6 17 12 21 18 17 17 25 6 24 28 29 26 10 3 21 17 8 29 13 6 2 26 
20 31 0 16 13 25 19 17 4 20 20 24 16 1 4 7 2 26 1 31 15 16 10 15 20 20 7 9 11 30 30 23 21 24 17 18 7 23 27 7 3 0 11 0 3 29 28 19 11 25 0 15 6 21 17 0 14 18 3 1 2 0 13 11 10 25 22 18 18 2 1 27 7 1 22 0 5 26 31 18 2 21 24 29 16 5 15 31 5 15 16 2 21 18 13 28 15 20 27 4 16 1 3 4 22 19 2 17 24 5 25 15 2 1 26 27 23 0 24 24 10 9 24 19 0 19 0 20 2 7 16 25 4 6 25 27 0 10 24 12 27 3 27 21 17 14 8 2 3 20 0 23 22 5 1 23 19 25 21 29 29 10 22 8 28 31 10 4 31 8 27 22 12 27 16 5 14 30 11 28 
1 12 20 20 0 16 5 2 1 31 7 8 8 8 17 13 12 8 1 13 28 0 28 29 5 29 28 12 28 0 7 1 19 24 9 26 5 19 27 12 13 3 21 1 25 25 12 25 30 15 21 10 18 20 2 17 0 12 19 13 0 19 13 3 23 2 7 13 27 18 0 12 31 5 31 3 14 15 15 7 7 24 19 11 7 30 24 27 12 19 22 12 23 12 24 9 14 31 3 19 31 9 13 27 5 3 1 14 17 1 19 6 13 31 7 5 9 1 1 16 5 1 27 30 15 15 22 15 7 14 19 18 1 22 5 21 20 29 7 13 21 4 23 23 26 20 12 28 23 14 1 16 19 10 21 19 23 24 9 21 5 22 6 13 3 18 17 8 23 11 28 12 3 27 21 22 18 20 7 12 
29 27 17 27 19 2 4 31 4 26 1 10 31 22 22 16 5 21 20 28 5 7 18 24 22 29 21 27 29 2 22 0 0 18 4 0 30 27 16 5 23 18 27 29 11 7 30 18 2 21 5 8 16 5 18 4 29 17 18 9 6 12 20 10 27 31 17 8 16 8 16 20 6 19 14 30 13 20 15 21 25 3 28 30 28 17 1 4 26 17 20 1 24 7 29 1 12 16 28 2 1 16 7 16 14 11 7 23 23 9 28 16 18 26 10 0 12 20 9 6 7 29 4 20 7 19 3 12 2 26 18 13 3 14 29 9 24 27 25 6 19 21 16 9 19 12 30 27 4 29 2 8 11 6 28 0 22 7 9 18 2 22 21 25 6 21 16 4 23 15 26 18 6 0 18 6 12 25 19 1 
23 7 16 29 17 9 9 15 5 6 9 18 22 26 1 6 19 1 6 8 11 22 26 1 0 25 18 20 26 7 7 27 16 1 24 6 12 28 6 21 5 13 10 5 16 21 31 31 12 25 1 2 7 11 26 27 9 4 1 18 20 14 20 6 4 0 3 28 19 18 29 3 8 18 27 5 23 10 8 26 28 17 18 12 31 14 25 10 21 20 18 15 28 6 8 11 2 8 23 14 28 21 29 1 23 3 23 1 3 27 31 19 12 8 26 22 1 28 20 17 4 29 15 23 9 20 18 10 26 11 5 16 16 11 29 29 2 24 29 1 27 7 12 7 30 4 14 8 3 24 25 17 8 1 7 12 25 25 11 29 30 3 11 23 8 30 5 21 20 12 11 29 11 16 11 16 14 23 20 25 
21 4 2 21 20 8 17 17 21 3 0 18 18 19 13 0 23 17 8 23 5 20 26 5 9 30 23 1 2 21 17 28 24 19 6 24 10 14 27 26 5 20 29 4 22 18 8 22 3 26 29 30 2 20 20 28 22 16 11 21 2 11 9 3 23 25 15 21 24 4 5 17 31 17 7 25 17 26 17 8 0 13 0 20 26 6 7 8 8 0 17 23 30 24 22 8 19 4 22 1 16 12 1 17 29 14 0 11 8 20 9 0 12 27 4 12 13 7 15 3 22 6 27 25 17 6 1 14 26 3 30 27 18 26 8 9 17 17 1 3 8 5 16 17 17 5 26 25 17 16 15 25 13 18 16 21 28 22 15 13 31 27 2 12 23 15 21 6 2 28 18 29 6 21 11 5 29 5 28 5 
2 18 26 25 0 7 17 30 22 29 28 29 25 4 15 29 19 29 16 3 4 1 26 1 15 6 31 0 31 11 17 22 6 30 11 26 24 30 17 1 26 15 16 16 0 28 25 23 24 7 27 15 5 29 30 1 25 8 23 29 17 17 20 19 18 16 8 1 3 2 14 11 19 16 13 29 6 6 18 17 30 17 27 15 9 10 27 4 17 21 5 20 21 21 18 1 24 4 4 31 2 17 3 22 23 25 5 27 12 0 28 11 23 4 14 11 24 4 28 18 27 15 8 16 7 10 1 7 23 6 6 31 12 24 3 4 16 17 6 4 16 24 4 3 2 8 28 24 16 30 0 31 2 27 21 30 31 8 15 0 28 1 26 31 19 2 7 15 18 18 24 10 19 17 26 21 3 31 30 25 
20 19 2 22 18 16 31 25 20 9 10 28 25 7 20 29 8 24 15 29 21 25 11 28 26 4 30 13 22 4 17 13 27 31 11 15 28 25 16 14 1 0 15 24 10 2 18 9 13 10 3 13 20 11 14 28 31 29 21 0 18 17 15 3 20 17 16 31 12 30 19 15 16 21 3 7 3 26 8 16 29 19 7 10 21 0 16 21 19 28 20 27 11 20 28 8 30 18 31 17 6 21 24 18 27 28 2 24 24 24 3 12 23 15 16 10 9 22 1 29 24 8 3 14 2 13 16 16 18 3 0 20 3 20 17 18 18 5 23 25 13 29 4 24 29 27 7 21 18 26 6 11 15 12 19 26 28 29 16 21 27 25 9 27 31 29 15 15 15 25 0 7 17 4 30 11 9 15 17 14 
26 3 10 23 23 17 29 8 23 4 20 9 4 11 12 9 4 24 13 23 12 3 28 12 27 31 24 1 5 25 0 27 0 21 21 25 17 30 21 6 28 6 25 26 27 16 1 2 7 22 26 0 12 11 14 7 26 17 29 26 18 22 12 12 6 9 19 2 7 0 28 17 30 21 26 10 15 26 17 12 7 27 23 2 9 16 8 23 10 1 30 24 20 19 17 12 5 14 16 31 27 12 8 27 2 16 21 14 22 4 3 23 29 23 29 25 15 13 24 25 6 9 9 14 0 8 28 21 24 9 8 5 18 26 9 5 16 4 28 12 8 21 6 15 9 20 25 30 8 16 20 10 30 11 7 19 12 0 12 21 14 29 0 16 11 16 9 24 2 1 12 4 5 22 16 3 13 20 4 29 
13 25 12 31 9 29 5 1 26 8 5 12 15 4 2 1 8 7 3 26 1 29 28 2 19 17 5 23 21 8 8 30 16 5 23 10 18 20 18 22 9 25 8 20 28 13 29 28 8 16 18 16 28 27 29 27 5 22 14 12 5 28 13 16 3 6 31 21 1 20 1 10 20 20 5 18 23 17 0 5 15 15 11 18 17 15 7 2 10 18 6 14 21 12 23 24 18 15 14 27 26 4 10 18 28 19 6 5 28 21 29 25 28 31 15 26 25 6 19 26 22 6 7 19 4 18 16 3 8 10 24 6 22 18 12 25 2 1 2 19 7 22 5 16 30 7 4 30 18 0 28 16 6 5 24 24 3 8 14 19 21 27 22 17 29 20 28 21 25 8 4 5 7 20 26 15 4 31 28 0 
13 18 12 14 24 12 7 14 19 12 8 23 2 25 2 15 23 23 25 20 26 15 23 24 29 16 4 20 16 17 26 8 11 22 28 9 30 12 12 23 16 17 24 19 27 10 13 20 4 17 28 4 12 24 19 18 14 7 2 1 22 27 5 12 27 6 3 30 20 22 7 25 13 19 27 24 3 10 27 10 5 8 12 21 26 3 10 4 14 2 28 21 23 19 14 5 12 8 13 20 29 3 7 18 15 12 16 9 8 11 17 20 16 17 23 29 14 20 17 19 15 11 7 20 22 11 11 20 6 16 27 20 27 10 2 8 29 0 15 13 25 23 2 28 18 25 26 0 23 31 0 31 28 11 27 12 20 27 29 17 27 3 0 19 26 20 25 14 21 29 30 27 31 8 21 15 27 15 25 0 
1 20 3 17 30 24 23 29 1 21 16 1 4 5 11 16 6 24 5 23 19 27 7 4 22 28 31 15 30 4 10 20 26 28 1 8 2 1 27 3 6 18 25 26 8 29 30 13 15 27 11 24 2 23 31 20 23 6 0 2 18 30 16 18 22 4 5 14 2 16 2 0 28 25 16 21 7 25 4 7 5 7 26 30 12 10 4 9 29 18 9 24 31 18 9 3 9 16 14 8 13 13 17 29 11 17 17 13 11 9 7 20 2 29 12 12 31 29 19 3 3 8 31 17 0 14 4 26 7 24 13 31 10 11 0 15 2 24 23 6 24 31 13 24 24 16 25 20 22 17 17 4 26 4 20 31 4 19 30 20 1 18 28 22 1 9 8 8 15 31 9 20 1 7 31 4 5 26 26 4 
16 3 30 0 31 10 3 15 22 12 2 8 17 27 0 6 16 9 12 4 14 19 18 9 11 0 15 18 31 27 28 22 16 19 11 11 2 10 30 14 16 21 12 9 2 16 2 20 10 31 10 30 19 8 28 27 20 15 15 8 24 30 25 10 4 7 3 1 2 5 28 1 5 10 30 18 9 11 27 25 16 23 31 21 31 5 8 24 28 29 17 26 22 13 16 1 29 28 29 2 13 2 17 26 1 0 22 31 31 4 21 24 7 30 6 30 18 4 23 31 6 12 8 21 7 5 2 24 29 21 26 0 24 9 28 16 24 8 16 19 26 6 9 14 22 25 6 13 19 29 17 27 29 5 29 28 10 27 2 21 12 21 4 12 8 10 26 12 1 23 2 17 31 10 2 21 25 21 0 14 
6 3 22 22 30 9 0 9 15 13 13 4 5 24 19 29 25 10 30 27 5 21 3 18 7 22 13 8 5 14 3 4 28 23 4 9 24 29 3 2 7 17 31 12 5 5 22 13 21 14 26 1 0 8 5 5 15 2 20 19 17 23 26 12 3 19 11 20 5 11 10 6 27 13 20 7 31 21 11 27 17 8 6 3 15 5 27 9 23 16 15 15 16 14 5 22 28 13 20 1 6 5 20 27 27 16 20 18 17 17 9 11 18 17 13 20 26 7 20 25 31 20 7 16 23 5 13 25 5 2 7 28 14 10 3 8 30 18 2 26 16 14 26 28 29 7 8 16 3 13 0 18 30 24 19 12 24 27 1 0 17 22 16 13 19 20 7 8 20 24 29 26 1 31 8 17 31 14 10 5 
29 10 31 25 30 8 17 8 28 5 22 16 0 8 15 4 29 0 31 20 24 1 20 9 0 25 27 13 3 4 11 10 29 31 10 23 30 26 30 8 17 2 16 23 23 17 31 9 27 26 8 22 0 10 4 30 22 20 21 16 0 14 27 30 26 27 2 25 29 18 10 19 24 16 29 13 24 20 11 3 29 4 19 15 12 8 2 1 31 28 5 25 11 4 5 2 29 3 27 23 8 22 13 7 26 12 30 17 4 29 22 23 23 17 0 13 10 23 3 21 21 23 9 1 17 25 5 24 26 12 13 31 28 13 31 14 14 13 15 8 10 2 7 21 21 30 8 9 5 1 4 4 13 29 2 9 12 31 3 6 16 19 13 28 18 17 27 5 0 6 22 30 23 19 20 8 1 21 16 6 
7 16 28 19 20 11 11 18 30 11 0 1 28 31 8 3 6 3 18 0 27 7 22 17 10 28 11 13 4 23 7 18 13 18 18 24 24 19 26 7 7 9 22 16 27 6 18 2 8 11 23 12 30 11 24 2 18 29 11 26 30 0 21 29 24 9 31 3 24 5 1 27 26 25 24 16 9 12 30 12 24 0 31 4 28 3 19 26 23 13 21 13 27 31 15 2 15 14 18 11 27 28 22 24 30 21 12 12 12 5 27 20 29 31 26 4 22 15 18 1 17 31 19 3 26 19 7 27 22 9 17 17 7 8 24 13 6 27 25 1 8 24 15 19 31 31 9 6 19 14 7 7 17 17 19 24 19 26 18 7 0 26 17 25 12 30 27 21 3 5 22 10 2 22 17 0 1 4 10 17 
29 2 29 7 19 28 20 30 1 24 6 11 17 5 7 14 14 24 12 30 19 13 31 1 10 28 6 1 7 16 26 12 6 8 0 25 17 26 19 18 1 17 22 8 1 12 21 16 27 14 15 29 23 25 20 21 23 28 19 17 26 3 6 22 21 1 7 10 6 16 2 2 30 27 12 27 2 6 12 18 9 10 29 4 6 27 8 20 7 21 3 3 16 19 1 8 16 17 10 13 18 0 4 17 18 6 30 25 5 3 27 15 5 2 20 0 17 0 7 16 16 9 18 1 2 15 13 5 24 5 7 25 29 21 21 4 20 29 0 19 0 29 4 26 23 30 7 8 13 6 16 23 22 17 3 27 30 13 11 5 12 22 27 28 27 17 28 10 30 2 30 17 7 10 3 26 18 11 5 4 
30 27 14 11 1 12 21 14 7 12 14 1 6 18 12 25 2 29 29 27 6 4 7 14 31 26 7 18 9 14 7 28 22 27 0 24 5 12 20 8 22 21 13 31 5 25 4 28 2 14 29 30 31 5 23 13 27 29 25 22 14 22 4 24 14 19 17 21 20 27 19 17 18 8 0 15 12 25 19 11 18 13 0 25 11 24 5 18 14 11 22 29 27 3 22 15 16 22 12 4 8 17 29 18 22 29 23 15 15 23 26 22 6 2 27 5 27 6 12 19 1 15 26 7 20 16 1 0 16 24 31 20 5 27 28 22 30 9 17 14 10 7 19 5 1 29 17 17 1 9 31 6 19 0 2 1 17 23 25 8 16 24 12 0 6 12 3 30 31 27 9 12 7 12 26 8 20 31 20 20 
22 13 26 26 17 29 1 17 16 22 28 25 26 4 5 24 0 25 4 18 11 10 7 16 11 7 11 8 31 18 12 19 25 4 10 24 10 7 20 16 19 24 23 1 21 29 6 31 19 6 28 26 17 25 24 4 26 10 5 24 11 10 27 13 5 0 26 20 7 15 14 10 1 13 2 28 17 9 31 17 5 19 10 23 13 29 13 0 13 18 30 10 18 11 4 26 27 20 24 10 4 2 29 2 6 27 2 14 30 28 15 24 15 10 10 23 19 26 26 20 23 31 26 29 13 10 15 5 20 5 0 29 7 4 21 0 8 24 18 13 1 26 10 9 19 29 15 31 23 22 31 7 21 22 31 16 29 1 26 6 21 16 0 24 28 23 15 19 31 9 25 0 0 14 13 13 31 11 2 1 
4 14 4 30 21 15 30 2 18 19 18 19 20 19 2 4 15 5 28 2 11 27 27 23 28 5 29 23 19 24 22 15 29 0 19 2 15 26 2 29 20 22 16 13 29 29 18 25 13 17 18 17 25 16 11 31 17 17 27 11 15 6 5 25 0 19 0 25 25 12 7 18 15 14 12 10 11 16 17 24 7 8 22 10 16 27 24 29 16 30 10 24 12 16 22 9 6 4 15 12 19 12 8 15 14 12 25 26 26 11 11 17 2 18 29 0 16 16 4 1 13 3 5 12 18 18 12 1 13 0 18 20 22 21 14 9 23 17 22 4 25 17 28 20 3 3 2 21 7 25 3 11 24 23 13 4 9 23 27 1 18 22 14 27 3 3 2 20 9 25 4 31 4 31 20 17 18 22 7 12 
21 1 24 28 6 27 28 28 0 9 6 30 23 4 24 12 16 11 15 6 2 26 23 25 22 29 0 19 23 0 5 22 31 3 30 14 25 17 22 28 29 26 4 2 27 24 3 16 22 18 16 31 5 29 2 22 18 5 17 7 13 4 26 2 31 17 17 15 18 17 27 29 31 17 15 17 15 12 28 16 30 8 3 29 25 11 14 4 24 25 19 28 21 3 20 10 17 18 18 21 12 10 11 23 7 23 17 12 2 12 24 24 11 17 29 18 24 26 20 25 20 3 0 5 25 23 25 5 8 6 14 2 23 9 8 15 11 0 16 16 26 23 7 20 4 6 8 25 21 2 19 25 10 19 28 16 4 18 4 6 19 9 4 20 0 5 24 27 12 16 12 16 9 21 23 20 18 17 5 11 
24 27 0 19 22 1 4 25 26 2 27 26 6 22 20 27 28 20 28 31 11 21 26 2 19 4 28 0 21 2 20 7 5 14 29 24 8 15 1 6 29 16 28 26 6 27 9 10 22 4 3 22 28 19 31 2 3 5 21 21 0 20 26 29 14 16 27 18 31 26 27 17 20 25 13 30 0 13 7 1 11 16 22 0 10 14 11 27 7 18 28 7 7 20 30 5 8 1 8 17 23 1 15 4 15 0 9 12 23 25 17 25 5 18 0 18 27 31 23 29 31 4 18 9 13 12 12 1 19 29 27 22 11 8 18 21 30 27 23 23 30 23 16 1 26 8 26 24 16 31 5 29 20 10 23 16 31 8 18 18 21 25 6 29 0 5 4 25 0 29 23 8 10 24 19 26 24 4 5 14 
0 28 28 19 27 21 10 12 21 28 18 25 8 9 0 19 27 21 29 29 12 30 18 8 6 5 19 17 18 24 25 8 27 2 21 21 4 13 29 5 26 24 5 17 17 21 1 14 19 10 2 29 21 31 21 7 27 17 11 16 3 28 16 8 14 8 22 14 27 5 2 9 2 7 3 12 3 29 17 14 9 27 3 12 31 12 3 21 5 31 27 12 16 7 6 25 20 28 29 11 22 11 9 23 31 14 4 24 21 6 30 26 31 24 4 31 20 21 26 24 31 22 3 4 2 9 30 14 29 1 8 5 30 12 20 12 18 9 25 26 6 17 4 10 28 11 1 23 14 4 19 28 8 17 2 7 1 23 22 25 5 24 25 25 13 29 16 16 26 8 4 3 5 17 4 18 4 3 31 9 
27 28 26 28 3 10 30 20 20 12 17 5 11 29 5 31 27 12 13 4 8 10 5 25 4 27 2 18 21 9 9 10 1 10 19 28 28 21 22 5 8 2 24 29 18 7 28 3 21 12 16 15 11 14 15 29 24 7 7 2 23 9 1 11 20 24 3 30 18 31 31 3 6 11 28 5 3 3 20 18 31 18 21 11 9 28 14 0 4 23 25 27 30 20 28 18 3 6 14 0 18 23 27 20 24 24 29 12 20 24 26 5 23 9 29 22 3 5 19 10 19 16 0 22 31 16 30 15 28 6 18 8 4 8 10 8 6 16 26 29 21 31 20 14 19 5 2 30 31 15 5 3 14 17 18 17 24 18 13 4 2 12 25 29 2 13 9 25 6 20 26 6 31 6 22 23 6 17 29 7 
9 14 17 13 21 14 9 16 1 13 12 23 23 21 12 28 3 9 6 4 18 27 17 9 13 8 24 6 11 30 26 0 7 31 3 11 15 22 30 11 24 25 30 17 29 18 13 16 28 26 31 0 7 4 30 15 20 22 24 8 7 31 25 13 29 5 26 0 16 22 30 31 23 9 28 26 5 31 13 7 15 28 29 7 16 12 5 23 31 28 4 27 1 1 16 2 29 5 4 28 1 16 16 29 22 19 4 0 30 8 31 26 3 6 12 19 31 30 12 15 5 6 20 4 26 17 3 23 3 25 29 9 7 14 25 23 0 21 7 16 10 16 4 19 18 12 13 7 17 17 2 21 27 4 19 16 26 27 22 21 3 10 31 18 18 2 18 18 8 1 14 28 13 13 14 13 7 2 19 13 
14 29 18 15 1 27 16 23 25 17 28 9 5 13 15 25 17 0 2 27 30 21 19 31 22 31 4 6 1 22 7 18 6 21 24 16 28 3 0 23 5 10 14 6 31 17 28 3 1 14 7 21 19 9 22 23 30 5 10 5 3 15 6 11 31 26 25 3 12 17 20 17 20 0 26 14 21 23 21 27 28 4 12 25 4 11 5 21 9 27 30 19 4 20 20 29 2 29 30 16 28 21 16 23 27 12 6 28 17 27 21 18 23 3 21 26 1 21 22 17 12 11 13 16 29 1 29 6 28 20 13 5 10 29 21 18 6 18 17 20 30 13 27 4 3 30 26 21 0 19 27 7 22 23 18 15 17 27 29 20 17 5 12 9 2 7 9 18 27 14 1 21 31 0 19 27 30 12 1 16 
22 26 26 11 31 27 25 13 28 7 7 26 7 14 2 12 1 21 20 27 23 8 7 16 1 19 29 22 20 31 20 17 5 20 19 0 7 11 6 26 22 11 13 5 3 15 4 19 2 6 2 16 23 0 14 29 0 2 18 5 27 12 27 3 4 16 3 17 9 18 0 15 3 5 30 16 4 16 21 7 21 24 1 17 0 24 20 31 20 16 27 20 18 26 1 6 1 26 6 17 23 17 28 22 31 14 15 12 20 17 16 6 20 11 0 13 7 21 14 31 14 12 14 27 1 28 26 7 7 7 20 5 27 11 4 16 6 9 11 16 20 15 15 26 2 2 6 25 15 30 16 25 28 18 31 25 3 19 17 19 1 20 20 18 5 15 17 4 23 26 9 4 7 3 0 21 13 31 6 18 
2 29 19 3 19 9 9 20 30 1 21 13 0 14 11 10 2 0 2 23 26 7 25 0 23 23 13 8 3 1 7 28 0 1 19 6 11 10 28 17 5 2 27 3 12 19 21 1 18 11 26 29 11 20 19 27 7 16 11 29 17 28 27 3 22 27 30 5 4 7 8 9 9 31 11 26 28 0 3 3 1 5 30 3 0 29 10 5 13 28 18 0 0 29 5 15 15 7 30 11 28 5 20 9 0 25 17 20 9 26 28 8 2 18 29 7 29 17 23 31 28 19 10 31 1 1 30 30 15 5 27 5 5 4 17 9 26 9 10 6 10 12 31 11 10 21 29 10 30 6 18 31 28 1 30 30 20 26 22 19 5 29 30 6 21 4 20 28 25 26 3 17 7 1 8 11 0 18 10 6 
28 24 10 2 20 0 24 30 23 14 21 9 19 0 20 29 5 27 26 22 25 28 16 2 15 11 23 24 22 8 22 24 22 14 6 1 22 18 23 0 11 17 28 19 20 6 1 28 3 2 22 9 27 6 8 21 15 10 29 9 28 0 22 26 1 28 10 31 9 23 7 30 23 27 25 12 0 27 8 0 28 12 20 20 21 8 1 26 30 17 28 25 10 25 13 16 23 6 22 8 14 8 20 19 15 15 26 8 29 30 17 11 24 21 3 15 22 17 17 21 25 22 0 1 29 25 6 18 15 24 4 31 25 29 17 14 10 12 17 11 24 16 10 15 24 13 25 19 31 3 18 3 17 17 2 10 6 18 17 19 18 15 19 8 1 19 0 9 26 31 28 7 19 21 13 28 15 27 25 29 
10 27 28 25 18 2 25 10 20 31 21 15 6 31 1 3 1 1 13 27 2 0 21 27 14 16 12 2 31 15 14 30 12 15 30 23 13 31 18 8 2 1 13 2 11 30 5 17 17 26 3 15 21 19 0 24 23 30 0 24 26 25 28 21 29 15 28 0 17 21 20 9 5 18 2 3 21 0 0 26 22 1 5 8 30 17 8 19 2 0 23 10 30 0 30 28 3 0 20 31 10 13 4 0 19 16 3 23 7 22 13 22 10 25 15 11 4 25 22 10 24 8 18 8 4 0 0 25 3 1 26 13 21 19 26 31 24 5 21 0 11 19 7 9 0 26 21 21 5 30 0 12 20 20 19 7 25 11 19 10 7 4 7 24 30 1 14 23 17 22 18 26 2 18 14 9 14 30 10 0 
6 30 29 5 19 6 21 1 3 21 16 12 7 26 15 4 15 23 23 1 25 1 11 29 17 23 8 1 11 4 28 17 22 23 11 1 11 27 24 29 28 9 23 27 29 9 17 9 27 7 7 23 21 30 21 28 31 20 22 21 22 24 4 19 22 11 29 19 19 1 13 29 18 16 14 15 5 31 18 17 28 7 19 0 1 30 0 20 31 30 6 13 29 0 25 16 2 7 22 21 29 6 12 27 10 18 8 20 1 19 18 19 21 13 20 9 4 23 30 8 15 21 3 26 19 11 19 25 17 24 1 21 30 7 15 2 22 4 11 30 24 9 30 6 29 16 2 28 31 7 10 12 9 20 23 16 21 7 22 10 18 5 7 14 19 4 20 14 3 27 12 24 28 18 15 9 0 29 4 7 
29 26 7 27 24 24 30 4 18 24 23 21 27 29 8 14 18 18 23 17 5 24 17 8 14 7 7 3 5 10 23 1 11 4 10 18 17 12 0 22 5 25 13 11 10 20 30 18 27 15 4 2 12 10 12 11 2 10 1 12 29 16 31 16 28 26 4 16 10 4 22 21 25 13 5 6 31 2 20 27 26 31 4 26 6 2 0 13 15 27 22 29 9 18 31 7 0 18 8 1 0 19 0 30 1 7 14 31 3 3 23 18 20 25 17 19 12 0 1 7 2 15 30 4 21 3 22 31 22 19 5 3 12 23 16 10 21 21 2 11 23 9 2 24 22 20 9 22 6 25 29 24 25 22 22 21 25 25 2 19 16 1 27 29 13 4 31 1 17 22 28 31 23 4 15 23 11 7 9 12 
7 14 25 29 25 13 21 11 25 28 7 27 8 25 3 8 13 28 23 22 8 26 10 0 18 21 19 11 28 27 1 25 13 15 15 30 1 31 17 19 21 23 1 12 11 24 7 22 13 4 5 13 18 26 17 25 17 16 13 29 5 6 27 6 13 16 25 31 15 24 1 26 12 19 19 14 14 17 30 19 11 27 3 3 27 20 20 17 24 27 31 21 15 26 4 22 14 6 28 18 18 18 2 10 21 15 30 0 28 30 22 17 29 26 3 22 22 19 11 17 10 4 23 11 30 0 1 9 9 27 23 11 19 8 18 12 3 28 21 8 23 27 17 7 23 5 23 22 18 2 12 3 13 5 24 3 23 13 21 22 20 1 13 6 21 29 8 6 1 3 2 2 7 14 9 20 29 15 11 18 
12 13 31 27 26 6 26 3 10 9 15 1 19 3 29 10 31 31 19 31 16 16 28 1 3 13 3 27 21 22 5 14 29 30 8 19 10 12 25 29 23 17 24 2 18 28 3 5 5 5 25 17 0 12 11 27 5 29 17 14 26 28 21 24 27 16 3 29 10 3 2 21 25 20 5 11 23 8 1 25 19 12 4 8 25 10 25 21 31 5 20 2 20 18 18 0 14 11 27 14 4 10 27 29 26 21 3 0 13 19 13 16 21 25 8 18 22 31 3 4 4 30 21 4 3 1 10 30 2 11 27 31 23 17 8 30 6 17 31 30 29 30 20 3 18 22 30 14 19 1 18 28 9 28 14 27 2 7 28 13 23 10 19 27 5 31 16 12 30 2 20 0 17 4 21 16 2 23 20 25 
17 28 25 7 22 23 0 21 26 25 21 8 6 27 23 13 2 8 5 1 7 3 30 20 25 19 0 13 8 10 29 22 5 0 29 30 9 26 28 13 5 9 6 5 15 0 15 27 4 31 31 11 5 1 4 28 20 27 15 2 16 18 7 30 8 28 0 14 30 11 27 13 18 27 6 6 4 1 27 21 7 28 0 8 29 23 7 2 5 1 28 12 24 22 19 21 27 27 9 13 6 23 25 8 28 30 18 27 25 1 28 30 21 8 20 2 26 2 23 16 8 18 3 18 30 19 10 28 12 28 30 22 13 27 30 12 28 0 0 2 1 21 30 31 28 13 28 6 20 0 18 30 20 16 26 6 4 20 9 4 26 17 3 17 14 31 15 22 19 7 27 28 23 22 3 19 23 14 1 19 
26 26 15 24 3 26 23 6 28 10 0 22 27 15 25 19 31 25 31 19 5 3 20 28 20 29 14 16 1 7 7 9 22 31 20 16 29 19 5 21 22 9 30 18 5 13 7 1 18 17 1 7 22 0 1 3 29 13 21 9 12 26 2 20 3 30 16 9 21 23 14 17 28 15 8 22 5 5 17 8 12 16 2 4 16 15 5 8 3 3 21 21 23 3 30 19 7 25 11 2 15 0 27 28 4 8 11 3 9 31 25 0 16 17 14 20 22 6 14 11 21 26 21 19 2 9 18 17 31 1 3 17 28 9 3 11 31 11 28 5 14 11 13 25 2 22 22 2 24 5 4 23 12 3 8 20 4 9 23 2 18 9 14 2 21 29 28 10 4 25 12 9 3 24 20 13 3 21 10 20 
25 0 10 22 22 25 28 9 11 30 14 29 8 6 14 18 17 0 7 16 11 0 28 8 17 3 9 4 2 18 26 23 14 6 19 9 4 24 21 26 7 24 15 28 11 21 17 18 20 6 5 24 17 8 22 26 20 0 17 1 11 26 17 10 27 5 9 20 0 3 17 19 7 1 29 5 0 11 6 11 15 21 1 13 23 14 16 12 0 16 0 22 10 29 0 26 17 19 23 22 5 0 17 21 17 28 3 15 18 31 10 27 21 29 19 14 13 3 18 27 22 12 7 20 28 20 5 4 1 18 21 17 21 31 25 2 27 10 24 13 28 22 4 0 15 5 9 12 1 9 12 26 21 29 11 21 28 27 12 16 19 4 31 11 15 10 27 24 29 25 21 16 8 10 31 24 1 20 28 9 
3 8 12 20 15 25 7 27 19 28 26 12 23 26 8 13 2 9 29 16 24 15 23 9 24 4 26 5 18 8 29 15 3 29 23 21 29 11 26 7 6 5 24 8 0 24 31 14 4 20 31 25 24 18 29 4 25 18 10 4 28 7 0 4 26 13 27 0 16 1 22 2 17 11 29 15 5 9 25 31 9 4 13 27 4 19 10 25 14 17 12 26 25 5 1 2 30 9 30 1 14 15 13 10 16 19 31 14 20 1 24 5 28 26 10 11 30 13 16 26 3 21 11 3 24 4 20 15 14 16 13 14 17 10 8 17 9 27 20 6 29 19 21 10 23 26 28 30 21 8 5 18 15 5 16 16 22 26 5 21 19 17 2 20 14 17 16 24 6 20 19 19 30 11 28 10 18 4 16 29 
27 7 21 4 23 25 20 26 21 11 3 25 7 30 20 20 13 1 17 12 18 19 29 23 5 29 20 23 5 25 16 17 12 8 16 16 22 2 24 1 21 0 24 27 21 3 6 15 29 29 23 4 0 2 15 29 3 28 22 12 17 17 10 29 9 0 29 0 13 8 7 17 22 28 9 20 7 12 9 24 30 16 6 5 13 3 13 7 31 7 29 8 6 1 16 25 4 17 6 28 30 13 27 12 12 3 17 4 15 3 3 31 4 29 30 5 26 5 11 27 10 2 9 7 8 18 2 21 8 8 10 17 16 24 27 3 1 23 10 26 19 16 18 3 18 28 27 5 9 11 23 26 3 8 26 12 17 3 15 27 14 20 2 27 13 1 28 26 27 17 4 18 6 8 7 8 2 27 1 24 
21 7 25 7 16 6 9 7 15 24 23 17 30 22 22 4 21 24 2 28 7 10 21 30 1 3 28 16 26 3 21 30 8 12 23 26 19 29 24 2 18 4 3 10 7 29 5 12 28 23 5 28 16 19 29 30 21 10 24 15 13 23 4 10 26 22 27 13 22 26 17 13 17 3 19 23 5 8 2 9 10 4 7 8 11 21 19 31 0 5 29 21 22 10 29 7 17 1 19 20 26 17 10 2 28 17 9 11 14 13 7 6 4 2 17 19 26 23 18 8 21 26 1 16 21 1 23 19 10 25 18 17 23 22 29 15 26 12 4 26 28 1 31 24 29 1 23 19 19 20 16 15 10 22 29 14 0 23 24 26 6 31 15 28 13 27 0 27 16 21 31 27 13 7 21 29 28 31 4 0 
4 7 4 4 9 16 29 26 16 14 11 4 20 16 28 11 12 12 20 18 4 27 20 9 0 25 13 15 0 0 19 4 9 17 6 12 12 0 2 28 17 2 31 27 6 10 6 3 30 4 17 5 28 26 3 28 1 1 4 1 23 14 30 6 13 4 3 10 10 29 14 9 6 20 13 9 13 25 6 27 21 23 20 3 25 28 31 24 17 18 0 15 27 11 16 24 10 29 30 27 5 21 13 0 16 29 2 24 24 30 26 12 7 20 31 11 10 23 0 5 15 6 22 20 25 8 5 1 26 4 7 27 30 6 11 10 27 11 29 4 23 2 2 17 9 30 17 20 6 12 21 23 29 25 1 29 14 29 11 28 9 18 19 30 26 31 7 4 12 10 6 28 21 31 28 18 18 16 1 23 
4 5 25 17 16 6 4 22 7 30 8 3 8 15 13 9 27 20 13 25 30 22 1 13 22 1 1 7 16 0 11 2 16 3 29 15 8 18 18 16 0 17 16 29 7 23 3 18 23 0 27 13 22 17 0 8 24 7 27 25 16 23 15 10 4 16 31 0 20 17 10 25 27 17 8 6 1 19 11 15 21 30 3 16 14 24 29 14 31 23 8 1 28 11 30 20 3 26 31 19 21 3 22 19 24 27 4 6 6 18 10 2 18 14 10 19 7 31 2 7 31 8 28 28 3 18 23 24 29 31 25 4 10 19 11 26 2 31 29 12 17 1 20 6 29 16 27 27 28 22 1 11 28 21 25 8 13 30 25 5 6 14 31 24 1 6 8 23 22 22 29 25 30 25 26 10 1 27 21 18 
8 29 14 7 24 17 9 19 26 15 27 28 10 9 2 10 15 13 19 23 4 3 31 18 30 0 28 22 5 26 19 6 15 19 2 17 2 23 14 9 4 8 16 3 19 4 14 8 20 4 4 27 5 23 21 4 22 1 1 8 4 29 7 18 23 9 21 10 31 29 18 10 8 28 15 20 29 3 26 31 17 8 31 21 31 18 18 23 16 10 17 26 23 6 1 13 27 1 17 23 11 2 16 12 30 11 16 4 3 25 31 18 26 11 27 13 21 25 0 14 12 9 29 14 30 14 24 26 12 12 6 9 22 19 28 24 30 9 23 25 19 15 0 26 20 6 14 31 0 2 28 9 7 20 27 20 28 6 22 20 0 17 10 23 29 10 14 16 12 17 13 15 31 31 24 1 15 16 8 25 
27 28 24 30 11 9 17 28 24 31 22 5 12 25 7 1 16 30 3 29 19 13 16 31 17 26 1 2 26 23 23 7 29 24 20 17 24 13 31 4 8 21 31 14 6 19 10 0 14 7 30 21 12 22 11 10 1 30 15 17 17 2 17 31 30 16 28 3 7 2 9 12 31 1 3 16 3 26 26 30 19 12 3 8 8 18 6 13 31 9 11 0 26 6 26 24 13 18 22 23 29 28 17 17 17 19 17 16 19 27 11 23 7 18 21 30 8 26 20 2 7 3 5 29 23 6 17 19 15 24 24 17 4 1 2 14 25 25 23 25 29 29 20 5 21 28 23 3 12 3 17 0 7 7 22 8 21 24 20 4 23 17 1 14 3 8 0 9 24 31 1 0 28 20 3 22 21 19 26 1 
29 3 18 6 18 1 25 0 26 4 22 8 29 21 10 23 31 5 24 1 29 27 7 25 4 31 20 27 19 9 28 19 13 2 17 13 20 26 2 9 20 1 12 23 20 31 19 22 18 30 29 15 20 30 2 23 30 9 27 3 0 22 31 2 27 4 23 15 28 5 2 20 7 18 19 19 18 0 0 27 20 26 9 14 5 26 0 28 11 14 26 12 16 25 21 4 29 7 12 29 1 18 8 3 13 3 24 10 7 28 10 31 4 7 23 29 17 6 29 2 26 8 17 13 21 0 1 13 3 25 18 9 24 29 12 4 24 2 18 26 9 2 6 5 4 15 24 4 6 25 23 19 19 7 14 1 30 0 10 16 29 9 29 31 0 8 31 2 2 8 20 7 8 8 18 10 12 14 1 9 
18 20 9 10 20 17 16 18 17 19 7 5 20 9 29 19 23 8 2 1 7 0 8 1 10 9 15 8 21 16 25 19 8 8 20 19 15 10 18 12 4 28 24 10 26 26 19 8 10 26 2 17 16 12 17 12 27 6 16 1 21 20 2 11 9 26 14 16 3 11 14 29 28 23 23 25 16 29 19 7 14 1 14 17 4 28 24 10 2 16 20 21 28 27 1 31 30 22 8 22 12 5 14 7 31 2 22 10 15 29 9 29 6 28 5 28 24 4 14 22 1 8 20 6 4 30 16 8 7 23 17 17 0 31 17 21 27 16 28 19 22 1 3 10 17 17 17 16 20 29 8 24 26 10 3 26 15 7 11 4 23 26 8 25 24 2 5 11 27 24 3 30 7 3 21 24 12 25 15 1 
15 11 29 29 9 22 24 1 30 13 28 6 2 25 4 27 2 20 6 22 26 17 17 0 23 16 4 28 24 17 28 17 18 15 14 27 20 3 12 18 17 5 3 28 1 12 19 11 14 11 31 14 19 1 19 30 11 1 5 14 31 2 9 10 9 25 23 21 14 6 9 25 17 11 23 0 26 15 26 14 24 13 6 10 18 16 9 27 9 1 17 1 28 30 23 22 16 28 8 24 3 28 3 16 31 4 21 13 18 7 31 7 1 12 3 13 29 8 22 31 23 16 31 29 11 21 9 3 25 0 4 24 20 2 1 28 21 22 31 2 12 4 30 20 21 30 7 21 15 15 15 4 24 22 12 27 29 17 3 7 7 26 18 7 8 11 6 12 24 15 10 25 7 9 8 10 30 26 19 18 
23 29 19 24 5 24 19 26 2 4 12 25 15 20 19 17 10 20 21 26 20 6 15 18 31 27 0 3 20 31 26 14 16 13 4 30 0 2 1 20 25 14 25 0 25 8 30 2 4 31 10 18 23 19 30 31 2 24 15 11 7 21 27 14 26 13 17 30 8 23 13 18 29 18 21 8 9 9 15 21 19 19 10 8 30 4 19 26 31 22 22 28 16 11 7 30 25 28 25 9 24 27 28 9 25 18 12 13 29 21 11 1 14 16 30 31 24 9 30 16 16 19 28 24 23 11 30 13 25 3 5 13 20 17 7 2 5 14 24 28 28 15 2 15 11 13 21 13 22 1 25 5 23 27 8 26 20 21 5 12 24 22 20 19 15 23 5 23 9 2 2 22 2 12 27 24 3 5 17 1 
3 28 4 7 22 8 21 14 11 17 1 17 1 21 21 11 6 0 26 8 13 22 27 5 28 1 29 12 31 24 31 6 19 3 2 14 31 15 27 7 8 9 22 30 16 17 17 19 13 17 18 0 21 0 30 10 1 18 14 11 27 4 10 29 10 14 7 4 26 25 19 8 27 3 8 6 18 19 7 25 13 18 29 24 27 13 30 5 23 28 25 12 21 9 30 2 9 3 13 7 18 5 29 5 13 5 30 19 14 29 18 19 11 10 1 14 9 21 7 29 23 3 28 17 22 0 15 1 12 14 3 17 27 26 9 13 2 29 3 9 5 30 7 11 9 4 1 31 31 7 21 26 1 4 18 28 9 24 12 30 11 13 3 12 4 6 16 7 30 22 25 10 11 12 10 7 24 1 18 1 
