16 28 16 6 17 13 7 11 17 0 6 27 30 20 21 10 7 15 24 27 18 22 26 11 27 28 22 4 20 18 15 18 19 26 27 31 26 8 17 7 20 25 28 12 15 20 14 5 2 1 26 29 6 9 20 17 21 17 6 0 30 22 23 23 4 26 17 21 6 22 19 16 4 25 31 20 28 8 1 28 12 10 20 22 29 19 22 27 13 5 2 11 30 6 21 18 27 16 14 6 12 13 17 24 28 22 27 12 9 27 21 21 31 3 10 18 11 12 10 25 15 3 5 18 17 20 3 15 26 22 6 16 27 22 13 0 2 5 14 0 1 30 3 22 21 10 0 24 22 17 21 22 17 24 20 9 14 9 3 29 2 7 28 26 23 3 16 20 17 0 27 17 12 15 27 19 10 1 17 4 
0 15 13 17 5 6 23 25 25 1 17 9 4 24 25 29 22 9 28 7 7 4 27 5 29 30 13 15 1 18 4 23 3 29 12 7 18 13 15 14 16 16 8 12 26 5 8 19 30 30 3 19 27 6 5 7 1 2 15 9 2 7 17 12 29 4 27 20 13 16 7 26 26 3 12 31 25 11 2 30 0 24 13 1 5 23 10 15 3 27 1 14 9 15 27 10 21 2 21 28 18 17 14 7 14 26 13 13 25 26 2 23 25 18 19 19 26 7 27 9 19 11 14 30 12 18 18 18 18 20 18 16 25 5 17 27 24 12 10 30 8 25 6 8 22 25 2 4 13 26 17 0 22 22 4 20 1 19 22 18 1 1 9 14 19 26 12 19 19 12 7 30 5 12 0 17 7 11 6 22 
28 12 28 22 13 21 10 4 26 7 7 5 18 3 28 5 26 27 1 4 24 24 29 17 23 5 5 30 17 5 26 12 28 7 12 2 2 28 0 5 14 9 9 25 3 31 24 25 28 28 10 30 23 19 9 27 13 6 8 5 9 16 25 29 8 14 14 31 11 16 28 4 1 16 26 13 6 1 14 5 26 25 1 17 1 7 24 4 28 20 11 17 26 14 22 20 19 6 25 5 15 0 20 29 20 4 16 10 30 18 6 29 22 6 0 18 12 6 5 29 7 24 14 8 15 1 5 15 28 21 19 24 12 13 26 6 12 13 11 18 1 25 14 27 29 19 2 22 6 0 27 4 7 3 22 18 18 22 25 24 3 1 17 25 23 8 5 24 18 21 29 19 24 11 1 4 19 7 12 12 
0 27 3 17 18 13 5 18 30 9 25 28 27 3 18 19 1 12 17 17 21 19 1 24 0 5 18 10 31 15 1 27 8 11 30 10 14 15 11 5 26 27 13 6 23 19 30 12 29 17 3 8 13 27 5 26 0 14 1 18 26 18 8 23 7 25 12 29 5 19 23 24 11 19 12 11 29 4 2 20 3 26 3 15 25 28 15 9 6 28 4 17 0 23 26 1 23 5 21 11 0 18 31 28 29 1 12 23 2 4 13 26 27 24 20 1 12 29 19 9 22 21 23 0 5 17 22 18 7 1 25 8 13 24 29 15 11 21 16 21 4 16 14 15 2 12 8 8 28 29 17 3 17 6 20 19 5 24 29 0 21 18 10 2 7 2 0 3 23 4 5 29 19 14 24 29 17 21 10 2 
2 23 6 5 30 0 28 0 10 7 9 12 17 31 6 7 23 15 18 12 13 28 18 17 27 5 24 26 6 25 15 28 5 15 0 11 22 9 12 30 26 11 1 8 31 12 11 17 6 29 19 11 3 11 17 27 22 13 5 15 20 2 6 17 20 16 18 3 22 30 8 25 3 2 31 0 4 22 27 24 4 7 16 11 17 18 27 17 18 0 24 30 26 21 24 20 6 16 17 8 7 30 1 13 28 20 27 29 28 9 26 20 21 21 7 18 12 22 17 23 8 23 29 19 3 26 20 24 11 3 22 25 4 12 21 31 7 22 26 2 26 29 6 24 30 29 17 15 30 28 7 23 12 28 25 5 5 17 16 9 23 8 7 30 26 2 3 31 4 20 19 2 26 3 20 2 0 21 19 28 
12 30 28 30 18 15 20 5 13 4 8 26 20 29 30 5 20 9 5 22 24 7 14 21 31 10 22 6 9 23 23 31 30 9 22 29 23 28 11 10 24 16 15 14 23 10 14 0 20 25 31 3 23 3 12 17 30 19 3 15 10 4 5 4 12 22 8 14 9 8 28 29 24 21 4 8 12 26 1 0 1 20 5 2 13 6 2 12 21 11 2 28 4 8 18 15 11 9 2 23 5 28 5 9 31 31 10 11 31 15 0 13 11 18 21 1 5 3 21 13 0 21 4 13 24 5 7 16 19 4 0 26 2 27 15 13 21 31 18 28 21 26 3 28 20 0 22 18 18 24 17 16 24 25 30 16 5 17 31 31 17 23 1 12 5 11 3 10 18 11 30 9 21 10 24 18 11 22 24 25 
16 5 1 13 3 1 19 19 0 18 18 24 27 27 25 23 24 18 1 5 21 2 30 8 2 11 13 4 6 13 21 3 16 31 31 29 2 5 20 7 15 15 13 2 13 5 4 9 14 27 2 19 31 14 29 17 30 17 10 12 6 29 30 5 8 16 18 0 17 17 17 24 7 2 12 23 21 25 26 19 4 24 28 9 29 12 18 7 14 11 26 18 19 4 29 26 18 18 20 18 11 25 16 21 12 19 10 25 23 27 26 23 6 31 23 28 20 13 13 3 19 9 26 7 25 4 20 21 3 17 18 25 14 12 28 10 27 12 13 14 2 5 14 30 10 3 4 8 1 9 30 3 3 6 2 6 19 19 23 16 13 28 7 5 15 20 0 6 29 8 22 20 0 13 28 27 1 7 12 14 
21 24 19 31 18 9 21 2 13 12 25 1 24 6 20 18 29 2 7 29 7 16 0 26 26 2 28 14 16 23 22 13 1 28 9 2 5 28 8 20 24 16 26 27 7 25 1 30 3 24 14 4 8 9 16 8 27 30 13 28 7 4 26 11 16 11 29 8 11 20 21 17 29 15 7 1 24 19 12 31 4 4 6 19 28 5 5 0 6 2 15 26 29 21 26 26 1 14 12 19 27 5 4 27 3 24 11 11 6 9 10 21 26 16 27 3 20 22 2 4 5 19 19 1 13 24 14 7 21 17 17 8 15 1 26 0 20 15 16 27 1 16 24 12 6 15 5 4 30 28 28 9 8 15 9 21 8 31 27 20 1 23 1 26 22 7 3 17 11 17 28 24 24 12 1 15 26 23 1 8 
2 0 3 4 10 9 2 20 9 25 29 20 1 7 15 19 4 3 19 4 19 19 18 8 30 0 23 25 31 9 12 2 8 30 1 26 29 19 2 28 20 22 8 7 29 7 0 5 26 27 25 24 6 15 4 17 24 18 5 8 21 18 0 22 29 18 27 30 29 13 15 2 26 3 0 6 10 6 13 31 3 5 14 6 23 4 4 9 22 1 19 7 13 21 19 25 12 31 4 7 1 5 8 15 2 6 31 7 3 20 11 12 2 13 9 23 9 1 0 9 2 19 1 16 4 14 21 29 13 17 11 2 13 2 28 13 21 17 7 29 20 4 24 9 26 31 25 21 20 5 9 15 8 14 16 9 21 25 11 10 30 19 18 30 2 21 18 2 31 21 7 1 7 27 30 28 3 19 5 3 
14 10 3 20 14 29 28 13 30 10 24 8 1 12 22 9 0 31 3 2 6 31 7 2 26 19 4 4 25 28 19 17 30 8 26 4 16 24 5 1 27 13 2 8 4 22 10 18 10 0 28 10 31 21 8 17 25 17 19 3 21 23 9 22 28 1 4 30 6 0 4 26 8 22 10 21 5 20 18 18 29 12 8 16 20 23 1 20 27 18 4 28 3 1 6 19 24 27 0 25 30 5 21 5 19 6 26 8 16 30 12 0 29 22 21 16 20 25 29 9 1 7 15 17 14 24 31 19 8 30 25 11 26 22 5 27 28 21 1 12 9 27 24 9 27 13 26 24 11 16 4 21 5 0 12 11 26 10 27 29 8 1 3 2 29 21 16 10 1 0 16 31 19 23 23 18 4 19 23 14 
10 1 10 9 30 21 14 7 14 19 28 28 3 29 27 4 23 11 27 29 18 21 1 8 17 24 25 3 31 19 14 27 0 9 17 14 6 17 31 13 15 5 20 11 24 11 2 24 7 27 7 0 19 9 29 0 17 17 6 11 10 29 20 19 13 26 13 5 30 15 29 28 17 26 20 14 5 27 6 5 13 22 15 17 15 17 30 9 0 24 23 23 2 5 31 8 23 30 8 1 11 2 18 1 23 29 17 17 16 28 13 18 0 24 24 24 26 24 5 17 4 6 7 0 28 20 21 30 14 21 11 7 31 10 11 11 7 6 17 16 15 13 10 15 27 2 24 3 0 29 20 3 21 18 17 24 6 24 6 30 13 26 2 18 1 24 26 15 29 17 8 2 24 13 18 28 19 3 20 27 
