29 19 21 1 5 9 21 19 26 0 16 17 6 26 1 7 18 17 9 4 18 27 3 17 3 23 6 17 28 17 2 27 18 22 0 0 27 14 27 1 15 10 28 24 21 7 18 5 6 8 13 10 1 12 17 9 25 22 7 3 
14 24 24 26 1 1 16 7 15 23 23 1 29 19 19 4 0 9 22 26 10 17 7 26 27 19 0 16 24 13 1 26 6 19 24 17 17 21 18 7 28 19 10 28 2 3 17 30 5 9 11 16 16 4 2 13 20 17 7 24 
7 26 1 17 19 17 19 28 17 20 0 19 12 19 21 26 4 1 20 20 24 23 29 28 1 17 26 12 0 8 22 26 10 20 16 26 31 24 7 24 20 29 22 2 14 22 20 9 7 15 14 20 0 31 27 24 5 1 2 9 
2 18 12 5 4 20 16 23 0 21 29 1 17 19 28 17 19 9 30 12 3 3 3 5 1 21 10 7 3 31 29 18 0 17 21 17 17 10 30 18 29 27 12 29 11 23 3 18 5 26 6 16 23 9 1 24 12 18 18 0 
9 13 26 5 22 25 21 15 12 3 5 27 18 10 25 21 29 4 17 17 18 17 17 24 18 19 9 15 26 25 16 19 24 3 24 9 22 1 7 23 0 25 20 18 2 9 5 9 20 4 15 3 24 21 26 26 19 22 5 10 
14 26 8 6 4 2 31 4 12 21 6 0 24 30 13 22 7 3 18 26 18 24 23 1 29 23 0 0 7 2 23 3 8 17 18 9 21 3 23 24 29 20 30 19 13 21 2 5 17 17 9 1 16 7 5 15 8 12 19 8 
5 2 1 22 30 20 23 17 27 6 17 13 24 18 26 20 3 9 5 12 3 13 25 15 1 15 10 15 23 24 24 28 28 10 20 19 13 22 4 14 12 5 18 27 23 1 7 25 24 8 11 24 1 4 29 24 23 24 19 10 
7 4 9 10 13 25 8 20 27 7 7 17 4 24 13 26 19 24 21 7 20 23 28 3 29 5 7 21 19 11 13 29 15 10 6 10 19 26 7 3 17 1 24 28 10 3 0 19 24 9 12 14 5 21 22 18 10 4 5 12 
7 28 14 3 6 31 30 8 20 0 21 5 29 20 17 23 3 25 2 17 14 21 3 12 8 26 8 3 2 18 0 22 7 2 27 1 17 17 17 19 17 8 20 25 26 2 24 27 18 24 24 23 17 9 17 31 29 5 15 11 
1 17 29 18 20 24 28 0 13 0 22 1 19 28 14 19 15 19 14 26 25 18 6 10 4 19 9 1 7 20 24 26 18 21 6 9 17 2 5 7 26 1 21 25 27 17 4 13 28 4 5 3 19 11 24 5 20 18 20 8 
23 0 10 4 21 1 5 19 10 7 2 12 28 16 3 19 24 2 2 21 26 9 20 16 3 3 17 3 28 11 17 24 14 18 16 11 11 29 3 17 7 10 18 26 22 23 17 17 27 27 17 16 18 5 17 10 3 5 16 0 
15 19 30 21 5 26 17 18 2 2 28 19 12 12 0 21 16 12 17 5 1 0 4 8 0 0 11 7 7 6 1 17 17 7 21 0 26 17 2 13 3 10 27 15 20 26 7 29 20 8 27 4 1 8 18 24 23 7 21 1 
18 19 26 2 12 17 18 26 11 16 9 19 4 5 9 25 3 8 8 27 17 20 23 26 16 22 26 23 23 24 3 26 0 20 21 1 26 21 1 6 0 9 22 29 17 14 23 8 12 14 3 25 9 20 4 25 13 21 4 21 
11 27 4 18 17 22 16 1 1 22 27 10 20 19 27 18 1 13 27 24 10 16 22 2 29 3 24 24 4 9 3 21 26 21 19 24 19 19 10 14 20 1 2 27 6 7 22 25 19 26 23 3 7 11 2 27 17 22 4 12 
5 4 14 3 29 17 5 28 18 0 21 19 18 27 23 22 3 9 25 28 29 17 24 10 3 18 12 5 16 20 17 17 20 18 18 0 1 14 13 5 16 21 18 21 16 21 19 1 18 11 23 8 17 9 20 15 23 22 3 29 
29 1 19 3 16 25 28 0 21 1 6 19 14 26 19 6 16 29 21 5 19 19 26 17 26 29 26 3 6 2 3 13 14 5 6 19 22 26 21 5 16 25 1 20 28 23 7 24 22 5 18 3 24 16 5 18 27 9 24 20 
31 17 3 17 12 12 17 10 8 0 6 3 25 17 27 22 5 4 17 17 17 17 17 16 18 15 22 16 21 1 28 10 1 5 0 13 27 3 1 5 21 2 0 22 23 10 18 1 22 19 26 8 1 1 14 20 26 22 2 8 
28 8 11 21 17 21 27 19 9 27 24 0 29 16 18 2 3 9 2 27 24 1 18 17 2 22 21 18 17 8 18 26 24 23 10 27 27 18 14 6 21 26 14 16 27 11 15 12 29 12 11 16 19 8 17 14 19 20 23 25 
12 26 8 22 26 27 28 26 2 22 20 21 29 4 16 2 22 12 24 6 20 16 19 24 14 27 25 16 13 18 1 25 24 27 28 4 22 26 8 17 6 15 17 26 23 24 21 25 17 14 27 17 3 8 23 1 21 3 23 25 
21 26 7 6 21 17 6 18 12 6 5 20 1 8 24 11 13 24 28 13 15 17 19 13 18 28 25 6 21 11 13 26 17 16 1 10 27 24 3 6 22 26 3 23 11 13 4 16 20 6 5 7 28 2 22 18 11 2 22 1 
29 21 18 22 23 1 15 13 29 17 11 18 17 13 4 23 27 1 19 9 11 13 6 16 15 2 12 18 0 13 15 14 19 27 22 4 23 26 6 7 18 25 3 17 11 11 29 21 27 27 23 20 23 6 17 18 25 0 5 27 
17 17 17 3 17 16 21 19 9 27 20 17 25 27 8 17 0 26 28 11 11 22 6 5 18 12 5 1 7 25 19 26 19 18 6 20 17 11 14 28 4 27 3 18 9 22 5 0 18 10 31 2 9 25 21 3 22 5 24 9 
4 24 16 20 7 9 11 15 30 15 19 4 20 26 16 19 20 2 16 17 26 21 23 30 18 25 28 18 19 9 2 14 11 3 3 27 0 31 27 13 23 27 17 17 24 19 17 0 25 25 15 7 7 21 10 23 3 11 21 25 
3 3 19 22 29 27 18 27 4 4 20 17 2 14 15 21 0 29 27 13 8 18 4 26 22 13 31 30 24 2 30 7 17 21 5 3 13 10 3 20 24 20 23 0 14 6 22 9 19 20 28 22 20 8 28 15 26 24 2 30 
25 25 26 3 1 9 17 18 10 7 17 28 9 16 14 14 9 9 13 20 31 25 13 3 31 20 23 3 24 21 17 17 22 19 18 8 25 6 12 1 0 25 4 20 13 3 3 7 17 10 16 6 24 25 29 22 19 7 17 26 
11 14 31 25 12 5 12 30 30 0 0 18 17 31 21 8 25 7 0 31 25 0 21 11 17 17 23 17 18 16 6 10 10 4 30 16 22 18 13 30 9 0 12 19 26 14 29 28 8 8 13 16 5 23 24 23 0 21 24 9 
26 26 8 22 19 10 7 18 6 16 17 25 18 21 29 10 23 25 14 28 1 20 30 0 17 17 24 17 17 24 20 18 26 23 19 29 27 5 2 23 16 17 26 1 21 11 9 27 10 22 12 27 29 20 19 26 23 4 3 27 
18 25 21 8 18 16 8 27 25 7 24 10 6 25 12 6 2 27 25 26 21 7 23 29 23 6 26 16 19 25 17 9 13 9 10 20 4 7 8 7 20 24 0 26 22 4 17 25 18 3 0 19 26 1 27 23 1 22 18 1 
