failed; generation=3000000,     fitness=1519/-1, duration=10272.000000
failed; generation=3000000,     fitness=4032/-1, duration=11060.000000
failed; generation=3000000,     fitness=1503/-1, duration=12058.000000
failed; generation=3000000,     fitness=1520/-1, duration=14016.000000
failed; generation=3000000,     fitness=1508/-1, duration=14659.000000
failed; generation=3000000,     fitness=1510/-1, duration=18140.000000
failed; generation=3000000,     fitness=4032/-1, duration=18352.000000
failed; generation=3000000,     fitness=4032/-1, duration=18910.000000
failed; generation=3000000,     fitness=4032/-1, duration=19789.000000
success; generation=2913080, duration=21058.000000, ca_rows=16, ca_cols=16,                    states=8, steps=30, seed=269060499
29 2 7 21 30 25 8 25 31 10 0 2 17 17 5 22 20 8 7 9 0 22 30 11 5 17 24 16 14 30 7 7 21 16 27 12 3 4 20 22 24 1 11 11 1 25 6 13 12 1 17 31 12 4 5 8 0 23 27 25 10 8 19 7 28 14 4 1 14 0 18 7 30 20 31 14 30 17 22 0 1 23 22 17 1 21 26 17 29 31 14 9 2 30 3 1 12 8 11 26 31 5 23 24 30 13 22 12 24 27 26 17 17 2 16 15 13 8 23 0 18 7 1 29 0 8 1 20 5 23 18 1 13 15 11 10 31 13 28 31 28 26 1 6 16 31 11 5 18 6 20 8 9 25 2 1 22 9 7 4 29 3 5 26 14 27 26 20 24 17 26 0 1 23 8 13 6 29 31 14 1 10 8 11 7 2 23 5 25 7 22 8 15 27 12 19 18 11 25 27 4 28 28 26 14 2 21 21 14 31 31 2 15 6 14 21 5 15 13 24 3 11 17 17 0 3 9 20 23 20 30 24 21 9 28 23 27 25 23 21 
failed; generation=3000000,     fitness=2767/-1, duration=22339.000000
failed; generation=3000000,     fitness=4049/-1, duration=23163.000000
failed; generation=3000000,     fitness=4036/-1, duration=24473.000000
failed; generation=3000000,     fitness=2770/-1, duration=26166.000000
failed; generation=3000000,     fitness=4061/-1, duration=27159.000000
failed; generation=3000000,     fitness=2769/-1, duration=29254.000000
failed; generation=3000000,     fitness=4032/-1, duration=7823.000000
failed; generation=3000000,     fitness=1517/-1, duration=11439.000000
success; generation=2239964, duration=11811.000000, ca_rows=16, ca_cols=16,                    states=8, steps=30, seed=567362536
0 0 16 21 8 26 26 20 13 17 2 8 11 8 25 31 22 0 14 7 22 11 1 19 31 9 21 29 23 11 13 31 4 14 26 0 29 6 11 5 11 11 24 2 1 18 1 30 24 17 6 25 11 31 10 9 7 19 6 20 0 5 7 30 28 16 27 15 24 11 13 24 10 17 15 13 24 1 21 26 6 12 0 13 9 30 30 3 29 28 26 30 2 30 8 3 3 14 16 20 8 29 10 26 29 6 7 19 5 5 16 13 14 23 26 28 24 29 23 9 8 6 27 16 27 27 21 21 21 7 9 19 19 0 20 7 3 31 5 28 9 11 24 9 1 0 31 7 25 0 16 20 23 6 0 20 0 28 22 6 26 10 7 11 8 28 9 3 25 9 3 13 22 8 4 7 9 27 17 18 31 11 11 10 5 8 19 19 23 27 15 9 26 3 20 20 22 13 29 27 22 18 20 8 24 12 24 0 14 1 2 6 25 19 14 15 0 27 25 24 9 11 8 8 30 18 1 9 6 19 16 6 17 13 27 23 16 11 11 9 
failed; generation=3000000,     fitness=4032/-1, duration=13675.000000
failed; generation=3000000,     fitness=2763/-1, duration=13762.000000
failed; generation=3000000,     fitness=2766/-1, duration=15127.000000
failed; generation=3000000,     fitness=2779/-1, duration=15848.000000
failed; generation=3000000,     fitness=2769/-1, duration=16265.000000
failed; generation=3000000,     fitness=4032/-1, duration=16941.000000
failed; generation=3000000,     fitness=4033/-1, duration=19965.000000
failed; generation=3000000,     fitness=4032/-1, duration=20111.000000
failed; generation=3000000,     fitness=2771/-1, duration=21577.000000
failed; generation=3000000,     fitness=4032/-1, duration=22269.000000
failed; generation=3000000,     fitness=2770/-1, duration=22577.000000
failed; generation=3000000,     fitness=4032/-1, duration=25038.000000
failed; generation=3000000,     fitness=4032/-1, duration=26696.000000
success; generation=831402, duration=3184.000000, ca_rows=16, ca_cols=16,                    states=8, steps=30, seed=1083179135
30 2 30 9 25 2 13 10 26 10 11 8 18 11 7 22 11 21 19 22 10 24 27 1 10 23 29 21 17 17 6 16 31 31 25 23 27 18 21 1 15 11 6 3 6 19 2 22 21 13 26 31 24 29 11 18 0 8 22 11 26 2 11 11 9 17 6 0 15 31 23 20 17 19 8 18 22 20 26 19 19 0 14 17 30 1 18 24 17 16 6 15 21 9 19 9 1 11 19 9 10 17 20 30 15 28 31 27 30 11 6 3 15 14 30 4 16 28 13 2 21 0 7 4 5 25 15 4 21 11 30 11 6 0 30 26 10 17 25 21 23 14 28 7 3 30 19 31 1 24 15 0 0 16 25 28 28 25 29 25 4 16 9 23 2 23 17 28 26 20 25 16 24 11 6 20 18 19 23 15 0 29 16 28 18 6 23 18 22 16 28 20 25 25 20 2 16 24 12 30 30 13 30 20 19 12 28 9 18 19 2 6 30 0 27 21 15 14 23 18 26 22 17 23 5 20 15 2 17 1 20 0 14 23 6 29 4 18 19 25 
success; generation=1086523, duration=10128.000000, ca_rows=16, ca_cols=16,                    states=8, steps=30, seed=871732181
22 24 20 3 28 0 29 24 14 21 6 25 12 4 8 8 2 17 0 26 25 20 7 24 15 20 0 24 28 9 20 18 14 19 29 4 17 30 16 25 5 19 25 22 26 6 8 25 22 19 27 2 4 13 0 30 15 23 11 4 20 2 26 7 15 6 12 10 6 7 14 27 7 15 30 2 22 19 30 0 8 29 25 4 12 19 20 26 18 17 29 26 28 10 1 29 17 29 23 5 21 9 4 0 9 31 7 16 1 19 25 22 11 25 5 30 24 0 4 26 17 3 13 29 22 3 8 22 30 22 25 10 22 31 17 25 17 16 3 1 6 6 11 1 10 2 17 9 17 16 17 7 11 27 30 1 8 17 17 12 20 29 6 30 2 14 6 24 20 30 12 8 6 26 10 21 17 12 20 15 11 19 19 16 30 20 30 3 21 23 3 11 15 2 12 2 14 7 16 7 2 30 21 15 17 22 13 4 25 20 1 9 20 12 10 11 1 23 8 11 2 28 1 13 15 13 1 9 4 31 15 11 26 4 28 31 19 19 13 1 
failed; generation=3000000,     fitness=4042/-1, duration=15657.000000
failed; generation=3000000,     fitness=4032/-1, duration=15966.000000
success; generation=2438825, duration=18365.000000, ca_rows=16, ca_cols=16,                    states=8, steps=30, seed=2680138953
28 6 27 29 4 10 6 29 17 10 12 31 7 25 26 24 31 24 14 8 0 30 11 1 30 20 21 23 11 13 10 25 30 21 29 24 1 6 20 25 7 3 4 30 28 20 24 23 4 22 29 25 25 19 29 18 4 26 6 6 27 21 5 24 4 26 16 22 20 24 26 9 19 26 3 9 15 0 3 27 16 13 13 27 17 17 19 17 21 24 31 7 20 1 13 9 13 19 19 24 13 1 10 2 11 14 30 31 11 15 7 12 31 9 22 12 17 17 26 28 13 23 7 21 6 17 8 9 2 23 13 15 30 6 29 3 25 23 24 22 30 29 21 12 28 16 14 28 18 31 19 4 18 20 17 1 7 11 15 22 4 3 3 5 10 9 29 27 11 1 23 22 13 26 25 31 10 26 6 11 4 5 23 0 17 7 8 8 6 10 26 22 2 26 5 30 29 24 19 2 1 6 20 17 6 19 16 1 11 14 22 26 30 17 14 3 9 5 7 21 4 29 26 15 25 26 17 13 18 28 2 16 24 20 2 9 2 11 4 13 
failed; generation=3000000,     fitness=2769/-1, duration=19430.000000
failed; generation=3000000,     fitness=1508/-1, duration=20416.000000
failed; generation=3000000,     fitness=2766/-1, duration=21191.000000
failed; generation=3000000,     fitness=4032/-1, duration=22100.000000
failed; generation=3000000,     fitness=4032/-1, duration=22490.000000
failed; generation=3000000,     fitness=4032/-1, duration=22937.000000
failed; generation=3000000,     fitness=4055/-1, duration=24355.000000
failed; generation=3000000,     fitness=4032/-1, duration=24963.000000
failed; generation=3000000,     fitness=4057/-1, duration=26287.000000
failed; generation=3000000,     fitness=2770/-1, duration=27097.000000
failed; generation=3000000,     fitness=2770/-1, duration=30726.000000
success; generation=941562, duration=6054.000000, ca_rows=16, ca_cols=16,                    states=8, steps=30, seed=2554876437
25 27 16 21 20 18 1 4 2 26 15 12 21 18 22 25 31 5 17 29 2 10 20 0 18 8 28 28 6 19 23 1 21 27 17 17 3 29 19 23 4 23 30 1 7 10 9 16 25 29 13 26 15 18 17 28 17 5 20 17 17 17 21 17 18 16 21 6 3 0 1 13 28 26 4 7 15 13 1 18 0 7 30 9 29 19 27 22 6 17 24 4 30 15 31 15 27 12 12 4 19 5 12 21 2 17 20 1 23 28 22 0 10 20 15 17 28 31 31 30 16 21 23 27 16 24 10 4 22 1 3 22 26 17 12 15 2 27 21 7 28 31 21 24 16 3 4 27 9 23 4 1 19 26 2 29 23 3 8 9 16 14 15 17 0 7 27 17 1 29 14 28 7 16 2 15 0 31 8 11 5 28 10 21 15 19 25 3 11 6 15 10 29 8 28 19 20 9 17 25 5 25 4 6 19 15 11 3 21 17 11 3 1 12 19 20 21 24 20 12 29 12 19 26 15 7 28 24 3 29 10 11 22 19 2 26 4 8 8 22 
failed; generation=3000000,     fitness=4052/-1, duration=14153.000000
failed; generation=3000000,     fitness=248/-1, duration=15649.000000
failed; generation=3000000,     fitness=4032/-1, duration=17042.000000
failed; generation=3000000,     fitness=4064/-1, duration=17399.000000
failed; generation=3000000,     fitness=2772/-1, duration=17798.000000
failed; generation=3000000,     fitness=4032/-1, duration=17939.000000
failed; generation=3000000,     fitness=4032/-1, duration=17964.000000
failed; generation=3000000,     fitness=4032/-1, duration=18981.000000
failed; generation=3000000,     fitness=4032/-1, duration=19219.000000
failed; generation=3000000,     fitness=4032/-1, duration=19890.000000
failed; generation=3000000,     fitness=2772/-1, duration=22052.000000
failed; generation=3000000,     fitness=4032/-1, duration=23265.000000
failed; generation=3000000,     fitness=2765/-1, duration=23365.000000
failed; generation=3000000,     fitness=4044/-1, duration=29254.000000
failed; generation=3000000,     fitness=4044/-1, duration=30445.000000
success; generation=345241, duration=1471.000000, ca_rows=16, ca_cols=16,                    states=8, steps=30, seed=2483522862
13 2 7 4 29 19 3 31 24 9 8 26 10 31 0 10 21 24 18 9 7 29 0 8 0 4 23 20 28 13 14 27 18 17 26 28 3 28 21 7 23 7 19 25 13 22 8 8 4 18 10 26 18 13 24 27 20 15 23 1 11 1 9 0 10 8 6 5 31 28 28 29 6 16 4 28 14 3 23 19 11 26 16 8 13 30 17 28 10 16 11 12 13 7 21 25 5 23 3 2 17 25 6 3 19 11 27 9 13 28 5 7 8 0 26 31 8 18 27 25 8 17 21 14 24 16 29 24 24 21 3 7 1 14 8 16 19 9 5 2 20 24 1 19 30 16 22 29 31 4 30 9 0 30 24 11 1 2 15 14 20 8 19 17 3 16 1 18 21 11 11 6 14 7 2 23 15 4 26 11 25 2 12 14 24 25 12 7 23 24 23 0 22 4 22 1 22 7 16 7 9 5 28 18 5 14 22 11 10 16 4 1 6 22 15 17 0 7 19 9 23 1 26 1 28 25 11 20 31 18 29 15 2 2 18 6 17 27 11 6 
failed; generation=3000000,     fitness=4044/-1, duration=8260.000000
failed; generation=3000000,     fitness=2776/-1, duration=8592.000000
failed; generation=3000000,     fitness=1516/-1, duration=12077.000000
failed; generation=3000000,     fitness=1518/-1, duration=13504.000000
failed; generation=3000000,     fitness=4032/-1, duration=15162.000000
failed; generation=3000000,     fitness=4052/-1, duration=16152.000000
failed; generation=3000000,     fitness=1507/-1, duration=21150.000000
failed; generation=3000000,     fitness=4032/-1, duration=21982.000000
failed; generation=3000000,     fitness=1506/-1, duration=25065.000000
failed; generation=3000000,     fitness=2765/-1, duration=25833.000000
failed; generation=3000000,     fitness=2768/-1, duration=26772.000000
failed; generation=3000000,     fitness=4032/-1, duration=27757.000000
failed; generation=3000000,     fitness=4032/-1, duration=28422.000000
failed; generation=3000000,     fitness=1504/-1, duration=28651.000000
failed; generation=3000000,     fitness=4032/-1, duration=29363.000000
success; generation=1310381, duration=6017.000000, ca_rows=16, ca_cols=16,                    states=8, steps=30, seed=1302406328
10 29 2 14 23 2 22 11 30 9 1 21 24 21 25 30 17 22 24 30 9 5 12 17 5 0 0 5 0 5 17 25 7 21 17 27 27 30 27 5 26 3 11 8 15 12 22 24 16 13 23 2 18 16 16 28 22 13 8 0 29 27 18 9 30 20 23 0 29 12 25 18 17 0 16 9 24 18 20 21 15 21 13 1 4 23 31 13 10 29 26 6 10 20 29 29 6 18 23 18 31 5 21 21 5 17 20 1 20 3 18 22 21 23 30 1 27 2 13 6 20 7 18 9 6 17 31 25 5 2 10 23 21 28 17 19 15 21 15 22 19 30 1 17 29 11 22 29 6 9 31 10 2 29 6 2 19 26 13 10 14 8 14 7 18 15 23 0 2 17 9 17 31 3 27 19 18 26 23 6 1 9 12 23 12 25 7 29 18 4 25 30 25 15 6 16 17 16 28 17 19 29 19 15 19 17 16 21 16 20 20 13 10 5 5 12 5 1 28 23 20 31 15 2 9 3 11 9 26 22 22 3 3 10 9 6 14 29 20 8 
success; generation=935587, duration=6284.000000, ca_rows=16, ca_cols=16,                    states=8, steps=30, seed=85345504
9 29 6 16 26 7 11 7 10 9 27 31 0 6 29 31 17 25 28 31 6 4 9 31 15 18 14 25 27 12 22 9 30 26 17 19 16 27 17 3 10 25 21 28 18 29 26 20 27 17 14 26 17 5 14 30 7 2 28 23 25 11 26 9 7 5 1 18 14 30 29 11 26 6 7 31 18 15 13 13 29 11 21 12 7 30 4 14 6 28 8 1 30 13 22 1 0 7 7 25 1 7 17 17 22 18 17 0 30 2 6 19 0 2 8 20 17 6 12 1 22 19 19 24 23 25 5 30 16 19 9 17 13 19 19 31 20 9 21 23 11 14 26 11 10 16 5 8 10 25 16 6 6 24 19 2 3 22 17 18 2 14 15 6 28 29 10 27 31 31 31 29 28 4 6 2 8 31 11 6 0 15 0 20 7 8 8 29 12 8 25 2 1 22 27 2 15 12 23 14 14 24 27 19 15 26 20 7 28 27 29 19 26 9 20 22 28 0 24 29 3 25 11 15 23 3 16 27 28 31 3 21 12 11 7 25 12 3 10 21 
failed; generation=3000000,     fitness=4032/-1, duration=7275.000000
success; generation=2090587, duration=7456.000000, ca_rows=16, ca_cols=16,                    states=8, steps=30, seed=2130136899
24 2 25 22 20 27 1 12 20 17 15 21 8 6 6 7 12 22 26 9 30 11 12 16 26 30 13 28 13 24 16 26 13 24 14 25 23 24 31 23 24 25 11 2 29 12 25 15 15 0 13 11 18 11 14 9 19 13 3 20 6 6 21 11 2 20 28 15 0 9 29 23 14 14 23 15 9 7 20 8 0 9 20 10 10 5 3 1 26 10 16 22 2 28 24 2 20 11 12 6 3 1 3 7 16 27 1 30 11 10 22 12 21 25 20 30 3 22 5 7 9 22 20 24 3 27 14 11 0 3 10 11 17 0 23 7 16 12 4 22 17 22 15 20 8 15 24 7 19 20 10 2 21 27 14 26 10 28 1 2 3 8 19 20 0 20 15 21 27 23 2 14 6 24 11 16 27 13 24 18 8 1 3 3 23 13 9 28 24 18 13 0 22 26 19 9 21 17 23 1 11 21 9 27 2 19 4 2 31 29 31 14 7 3 22 11 27 20 9 11 14 16 2 28 28 21 19 24 24 14 28 11 4 23 3 31 18 0 18 13 
success; generation=1319465, duration=13299.000000, ca_rows=16, ca_cols=16,                    states=8, steps=30, seed=9364136
1 21 27 18 12 24 23 21 27 27 24 28 6 23 27 15 4 11 6 14 7 23 28 10 7 20 25 20 0 16 21 16 31 30 20 3 17 1 0 30 19 1 10 4 25 12 25 25 17 6 24 19 5 8 5 21 5 28 9 8 23 1 7 9 27 22 8 31 16 10 21 21 26 19 18 14 26 9 0 18 30 9 2 19 9 17 5 8 13 0 8 16 16 5 15 24 24 22 7 17 26 25 12 21 27 17 4 2 16 8 12 26 1 16 26 17 20 28 23 13 23 26 15 21 31 3 21 28 22 17 4 1 8 15 20 12 27 28 19 26 28 10 23 25 2 15 10 0 31 20 31 26 22 19 0 22 14 16 21 18 28 13 30 24 4 20 3 9 16 26 14 5 28 5 3 8 2 3 31 21 30 12 27 30 16 16 24 5 12 16 18 21 18 27 0 9 11 7 17 27 18 14 26 9 24 5 22 2 26 14 2 27 7 18 7 15 14 19 26 20 5 23 3 29 23 14 10 2 30 14 29 2 28 0 0 10 17 5 16 4 
failed; generation=3000000,     fitness=236/-1, duration=15252.000000
failed; generation=3000000,     fitness=4044/-1, duration=17262.000000
failed; generation=3000000,     fitness=259/-1, duration=18014.000000
failed; generation=3000000,     fitness=1499/-1, duration=19824.000000
failed; generation=3000000,     fitness=4032/-1, duration=20662.000000
failed; generation=3000000,     fitness=4041/-1, duration=20798.000000
failed; generation=3000000,     fitness=250/-1, duration=21017.000000
failed; generation=3000000,     fitness=4040/-1, duration=21459.000000
failed; generation=3000000,     fitness=2793/-1, duration=23443.000000
failed; generation=3000000,     fitness=4032/-1, duration=23606.000000
failed; generation=3000000,     fitness=2774/-1, duration=23993.000000
