9 29 29 23 22 24 28 30 9 1 15 5 10 11 2 11 0 26 8 13 2 14 13 11 17 12 14 3 3 12 0 5 13 4 17 23 16 8 31 26 7 9 16 30 23 14 10 9 0 28 24 23 21 19 2 22 25 10 4 16 19 8 12 2 18 1 9 18 27 8 16 17 12 9 2 12 27 1 6 22 9 20 1 15 20 8 2 9 25 24 7 1 12 1 9 8 29 2 24 1 17 12 20 28 19 2 2 21 17 6 2 19 28 17 7 2 30 12 23 22 
12 4 4 16 30 22 3 22 13 7 0 7 1 19 27 7 20 23 21 0 9 1 11 1 30 30 8 31 20 11 10 7 7 30 8 19 22 17 14 16 24 25 17 9 11 1 5 11 31 15 2 4 0 13 11 28 1 7 18 26 30 5 16 26 7 31 12 24 4 18 27 4 18 26 19 17 17 1 5 19 25 8 3 8 19 5 17 4 31 27 31 0 0 0 9 23 13 12 31 27 22 20 28 28 31 5 12 5 11 4 12 6 19 8 28 4 21 4 4 3 
12 31 4 28 14 9 3 27 24 24 24 25 22 19 6 30 20 3 17 20 26 4 25 7 13 16 29 23 24 20 3 18 10 14 6 0 14 24 16 1 25 23 26 28 2 24 5 18 28 12 11 3 17 21 3 16 3 26 23 21 17 31 16 11 30 19 16 19 7 28 0 23 30 5 6 18 18 19 19 7 2 6 28 1 27 26 6 21 17 15 13 13 22 3 26 4 14 18 26 17 6 9 17 8 8 1 16 13 0 20 10 22 4 19 9 26 6 2 18 25 
29 3 17 5 2 10 11 19 27 23 1 1 24 28 22 4 7 3 4 19 8 10 7 16 9 29 2 12 1 13 11 26 2 8 27 7 21 1 28 13 23 9 25 26 31 14 29 3 31 8 6 31 25 2 28 4 25 3 9 20 0 4 10 7 0 6 16 19 9 0 8 1 5 14 13 2 8 31 19 24 4 14 26 17 28 8 15 22 17 21 2 22 7 6 31 4 17 19 12 5 17 20 20 12 11 7 0 17 28 19 21 23 11 26 31 26 15 15 19 27 
24 26 16 1 30 14 17 17 22 17 17 8 28 0 16 21 24 9 18 24 7 22 1 17 29 23 5 11 5 30 22 12 3 26 12 4 29 26 15 27 29 17 19 2 2 18 17 18 12 6 12 3 25 14 17 2 11 18 5 23 7 17 20 6 21 17 26 16 13 26 15 9 17 16 29 5 27 3 17 1 22 22 12 1 14 25 31 5 3 31 16 21 10 11 19 24 28 17 5 1 18 29 13 27 25 11 7 28 3 22 12 26 15 30 17 11 17 2 3 27 
13 29 10 4 24 26 30 13 16 2 23 25 5 30 9 29 0 19 13 28 4 29 3 6 8 17 1 12 10 23 3 22 20 3 29 19 13 29 16 1 21 30 28 12 24 13 31 11 23 10 6 13 25 12 18 27 6 4 19 17 30 22 5 3 5 5 22 24 26 16 19 25 1 18 26 27 31 9 19 28 11 20 30 8 17 26 17 23 1 27 1 10 24 12 16 24 9 21 8 2 25 5 25 26 27 19 29 4 16 9 24 12 28 21 4 23 25 12 5 31 
5 17 12 16 3 30 22 4 1 19 2 24 3 5 23 18 27 25 20 31 15 24 13 27 10 17 18 2 26 5 6 31 15 16 22 29 19 24 26 5 1 24 25 21 7 21 4 30 0 9 11 16 16 4 0 28 2 17 12 13 20 29 3 1 3 17 5 9 12 29 23 15 5 14 7 27 10 23 12 5 15 23 20 9 16 21 26 5 29 11 28 9 23 25 2 29 8 18 2 8 14 29 5 20 26 15 11 28 29 20 19 19 2 26 18 23 29 12 16 18 
28 9 12 23 21 29 16 27 11 4 29 8 6 6 15 4 12 24 9 29 18 18 9 26 0 27 6 22 14 1 27 15 8 4 21 30 30 1 7 30 28 23 24 27 5 8 7 1 22 28 19 4 20 3 12 12 27 1 4 9 30 22 0 0 17 19 10 22 19 29 30 12 14 27 25 26 22 10 6 16 28 5 9 22 14 22 22 26 20 17 17 18 25 25 6 0 27 26 17 11 25 31 3 16 3 1 26 25 30 18 11 27 13 29 20 21 8 0 3 4 
23 29 18 2 7 25 29 22 26 15 11 27 0 27 2 31 8 3 18 12 3 15 1 16 18 13 29 5 27 1 15 2 30 28 3 7 26 14 5 2 23 4 1 19 19 21 31 13 12 4 8 3 9 13 2 9 30 11 30 17 20 22 26 30 26 4 20 0 27 21 22 9 25 25 22 8 7 25 28 18 27 21 4 0 31 22 20 1 23 13 6 14 12 11 18 8 4 10 27 14 21 7 31 29 28 5 21 26 8 14 22 5 26 13 17 19 13 3 4 6 
4 6 26 13 10 12 10 8 3 20 5 26 18 26 18 0 6 17 15 14 29 20 0 18 27 15 27 24 22 21 28 9 20 5 1 18 22 21 26 14 5 16 27 28 10 24 3 14 26 31 26 7 27 30 2 11 19 13 1 4 15 3 27 4 5 12 30 1 11 4 15 15 19 31 15 0 18 11 29 19 21 6 23 9 2 18 12 24 3 10 5 2 29 28 31 17 5 26 28 15 18 11 26 31 3 19 18 16 3 14 5 9 31 16 7 6 2 2 27 9 
30 22 22 2 22 5 20 23 9 21 30 27 6 14 2 16 1 20 25 10 17 22 27 18 27 10 1 29 10 28 22 21 21 11 29 20 6 29 26 27 13 19 1 29 11 22 2 31 3 22 28 18 22 0 10 17 17 30 19 19 15 26 9 27 24 17 26 26 9 24 7 24 17 2 2 27 20 5 7 8 27 24 10 9 11 30 10 7 28 2 11 18 6 28 6 9 9 3 8 4 20 1 0 6 10 5 21 22 13 7 4 15 10 18 11 14 27 29 10 27 
25 29 27 21 23 2 7 7 31 18 28 29 28 0 24 18 5 17 1 29 28 0 10 3 31 12 21 14 13 31 23 9 30 25 10 22 1 8 6 9 17 16 18 7 18 18 19 8 28 27 0 5 12 30 17 19 14 0 0 22 11 27 9 19 1 27 26 7 24 21 16 21 1 17 5 19 23 24 28 7 5 13 31 14 3 22 12 25 0 8 14 26 27 20 5 0 5 21 24 21 19 25 4 8 1 23 26 2 5 15 17 24 5 20 11 10 19 13 29 19 
20 30 30 27 22 14 13 29 3 24 2 29 21 4 29 0 18 21 30 7 22 20 18 5 19 17 7 18 17 8 10 26 17 18 4 2 6 3 15 4 22 16 3 4 22 3 16 30 0 17 27 5 23 15 30 7 12 10 13 21 6 21 12 18 5 27 23 20 30 11 16 12 14 23 21 22 1 9 1 30 31 27 4 1 28 20 11 0 6 10 4 23 26 24 3 0 1 10 19 1 5 9 3 2 4 16 10 17 30 7 30 1 0 18 22 29 11 20 20 10 
16 9 21 29 28 18 21 27 4 6 2 26 18 21 11 27 16 17 15 26 24 1 6 31 4 16 23 20 2 16 18 19 16 17 19 8 22 23 17 0 23 9 21 21 31 24 23 8 6 2 29 28 24 31 21 16 6 9 31 1 12 11 0 0 3 7 4 18 9 26 21 17 5 20 9 6 28 28 6 0 6 29 0 20 23 2 5 6 31 20 6 27 26 20 0 3 28 14 15 2 26 8 30 14 26 4 7 7 27 8 19 9 4 21 14 28 18 19 9 18 
28 13 2 4 16 12 5 4 2 18 26 1 31 7 0 16 24 9 14 29 28 11 5 18 5 13 8 22 3 12 2 16 13 0 14 8 12 11 31 10 17 21 9 23 26 3 1 5 19 21 27 20 3 24 29 19 6 10 29 13 28 18 14 7 30 1 20 19 14 4 1 17 3 25 17 26 31 14 4 28 17 17 5 2 28 13 26 20 5 31 11 11 0 17 23 14 2 30 23 10 12 21 23 5 8 0 3 23 25 26 27 25 15 3 26 28 1 28 10 11 
22 31 1 0 20 25 19 1 27 6 9 26 29 20 12 13 8 0 18 16 23 17 28 9 16 31 16 17 15 0 31 20 27 14 11 22 12 16 15 22 16 9 9 10 11 10 4 17 2 14 26 14 19 0 31 26 20 20 19 9 2 13 28 6 31 19 29 7 2 5 3 4 30 28 10 17 4 2 14 28 4 7 20 13 5 30 21 1 17 12 0 1 17 6 12 0 21 26 18 20 0 7 31 13 25 7 8 26 23 22 3 8 30 4 28 11 20 19 11 21 
6 6 16 20 27 17 10 12 7 16 3 17 3 6 8 7 11 18 10 24 29 30 6 13 19 9 13 29 17 25 7 5 9 21 8 9 28 13 24 10 21 29 26 2 28 22 21 17 16 26 17 2 24 17 7 18 11 7 17 4 10 18 26 4 22 24 7 23 15 6 7 26 8 30 6 7 16 12 10 21 3 22 10 2 29 21 3 24 22 28 27 24 9 7 23 26 25 15 18 1 8 27 4 15 11 13 24 24 30 31 13 23 21 17 9 24 14 31 21 26 
7 27 2 16 22 17 30 26 19 5 17 17 1 25 8 9 5 16 8 19 31 22 20 26 17 22 26 1 10 3 2 10 18 29 27 2 24 19 2 31 15 18 12 17 24 30 27 29 10 20 27 1 18 17 10 4 27 21 5 9 30 19 21 23 7 13 23 13 10 17 3 12 23 3 6 2 26 17 11 29 7 21 21 7 20 4 6 30 21 21 27 27 20 3 10 22 22 1 11 4 27 8 21 29 22 8 1 25 7 5 26 23 21 14 28 26 28 7 0 0 
20 4 21 17 18 8 8 17 18 17 31 19 7 25 19 13 16 30 25 7 17 4 21 3 30 28 1 9 26 24 15 24 28 2 13 29 1 19 13 3 2 1 25 2 24 0 18 1 21 19 10 28 20 25 22 1 6 17 11 9 9 14 26 5 1 29 17 26 11 2 16 27 22 27 27 9 3 12 9 7 26 0 2 12 27 28 11 30 22 17 20 27 17 2 6 9 31 15 16 29 6 12 24 26 27 1 15 10 1 21 15 18 6 24 27 21 9 3 10 19 
25 11 4 22 13 27 27 26 29 24 6 15 20 26 11 17 2 18 29 21 0 18 4 9 5 28 11 5 9 3 16 0 14 19 22 9 4 26 5 18 22 9 19 18 0 18 30 8 21 28 12 2 30 3 1 25 12 5 16 28 23 31 3 13 14 26 24 23 16 16 28 26 5 25 11 17 6 16 5 27 18 28 17 22 27 7 16 2 16 21 15 22 18 26 4 17 26 16 17 30 14 30 10 17 18 5 31 28 7 9 28 21 2 28 21 28 1 6 7 14 
3 31 18 8 7 21 24 4 10 0 22 25 10 26 0 8 3 2 4 3 2 20 28 18 27 14 21 22 1 15 17 9 6 31 2 22 26 4 0 30 15 18 4 21 3 12 12 0 27 12 24 22 7 5 30 6 0 4 17 18 20 26 0 0 21 25 6 9 10 4 2 28 17 26 28 17 0 16 11 6 12 31 7 25 10 23 28 0 0 16 24 28 10 0 13 11 25 7 3 27 31 27 15 10 2 22 16 4 31 7 6 27 22 24 26 13 4 16 7 17 
6 11 11 25 22 16 18 19 26 16 13 14 29 12 24 29 15 22 16 22 8 2 0 23 22 1 18 5 30 9 14 20 7 1 14 29 6 15 23 11 15 28 18 5 17 0 24 8 19 26 2 20 18 17 27 14 16 5 18 28 8 26 8 5 18 18 27 7 18 23 3 9 4 3 0 0 4 14 26 10 4 17 17 18 8 16 19 11 25 17 13 29 26 17 3 26 30 24 3 4 27 5 24 28 10 15 25 27 23 17 0 11 28 17 10 19 28 21 17 13 
28 6 5 16 8 7 30 24 19 21 5 21 26 4 26 21 13 16 8 26 14 6 20 2 7 8 15 27 1 7 13 14 12 27 1 25 7 4 6 26 7 31 11 11 0 14 10 6 4 3 7 7 26 9 9 31 9 1 0 20 20 4 23 18 18 8 1 5 3 17 8 28 16 27 4 21 16 25 27 22 6 0 4 9 0 26 28 4 21 28 4 19 25 5 4 6 16 28 17 1 18 19 28 31 30 7 13 14 20 26 6 23 20 21 6 18 12 15 1 8 
17 29 15 20 24 16 26 4 23 4 10 29 14 27 6 16 22 8 1 12 14 9 9 22 10 14 2 21 2 4 30 8 28 8 5 5 29 17 6 0 4 4 21 19 16 1 27 1 4 12 12 31 12 18 23 12 28 1 24 8 7 28 2 0 2 19 3 14 7 5 17 0 11 19 7 16 9 16 9 20 12 6 13 13 28 4 23 28 4 18 21 28 21 3 3 28 0 13 27 6 20 25 15 21 5 9 12 26 30 0 11 8 15 31 20 2 12 0 22 1 
28 13 30 20 7 21 1 29 4 22 21 8 9 23 0 29 12 7 16 2 15 5 20 31 4 5 29 28 7 27 27 15 22 2 3 2 30 0 17 2 18 5 5 20 29 21 19 8 4 27 17 20 24 17 19 19 26 31 3 7 31 12 15 24 16 30 9 19 9 20 16 9 4 14 17 22 2 13 16 6 30 3 13 27 28 31 19 15 23 31 26 29 23 1 2 10 29 2 19 3 11 4 29 29 27 30 8 29 8 22 31 21 14 4 18 8 25 23 4 17 
23 22 15 7 30 25 16 19 27 24 19 17 12 23 29 8 4 13 27 16 1 11 18 5 3 8 28 18 23 7 10 31 25 8 11 17 4 26 23 2 2 5 14 3 13 25 20 17 31 3 1 2 19 2 11 18 22 26 0 28 9 10 30 25 13 27 25 1 17 6 13 0 25 5 25 4 16 0 22 11 18 18 27 9 14 29 22 26 24 26 29 8 0 8 19 25 9 29 12 5 23 25 10 12 17 12 7 8 11 23 29 7 5 24 5 10 20 19 17 0 
24 6 5 0 28 3 18 27 1 22 20 9 26 13 2 23 5 21 2 28 9 22 26 14 23 19 3 28 9 11 11 12 30 11 4 18 17 14 13 25 3 8 20 26 29 0 23 11 1 20 26 8 11 1 4 30 19 0 0 14 11 25 0 15 29 12 22 18 23 0 31 28 19 2 13 0 6 4 29 6 2 20 16 17 30 2 26 24 19 23 3 8 19 25 29 3 24 10 20 10 4 9 26 3 16 4 12 8 25 14 6 16 3 28 29 22 3 8 1 16 
1 23 18 0 28 27 13 14 28 30 31 5 19 0 10 5 0 10 11 22 18 30 31 3 26 7 21 18 15 27 19 31 22 26 22 6 22 26 22 5 22 1 13 21 1 28 1 24 21 5 15 24 18 17 14 13 7 0 22 12 0 18 0 27 5 13 22 27 15 6 14 27 29 30 6 15 24 8 29 24 7 4 3 27 30 22 14 0 20 24 2 30 16 19 11 10 4 19 15 0 26 9 17 22 24 17 17 0 13 3 15 22 24 7 21 25 4 20 5 28 
1 24 27 4 18 11 29 26 13 6 20 3 31 2 6 22 24 8 28 8 22 0 23 26 5 8 8 25 26 20 3 30 19 18 23 4 24 13 10 31 6 16 12 22 30 23 14 7 19 26 25 8 26 19 20 24 17 28 7 31 29 3 7 20 22 2 4 30 18 15 6 19 9 18 30 3 17 28 22 3 17 18 19 8 27 24 7 22 19 5 17 18 1 27 25 2 9 22 0 21 3 17 23 16 18 23 21 17 23 25 31 27 3 9 11 9 30 18 24 28 
19 24 2 11 23 18 19 29 13 9 9 8 27 12 3 6 23 7 14 28 3 22 27 21 7 0 30 1 10 28 18 18 19 21 7 22 17 24 12 28 8 17 29 0 23 11 25 25 25 26 1 9 11 10 1 19 12 22 18 20 5 13 20 11 12 29 4 24 16 15 1 11 2 17 10 30 1 6 24 18 6 17 19 17 30 10 11 24 23 24 11 15 2 23 24 19 1 22 13 10 0 18 18 2 25 9 30 17 0 11 9 14 12 28 24 31 17 19 7 0 
6 11 12 7 2 19 12 12 11 10 3 1 28 28 0 21 22 25 30 16 3 19 6 13 4 26 6 19 19 25 27 29 22 3 17 18 22 23 31 15 10 4 18 26 6 0 16 6 2 10 16 25 16 16 2 0 18 25 3 16 1 7 5 20 30 4 25 26 29 2 2 5 6 18 29 15 19 23 2 31 27 4 13 8 0 18 9 20 4 7 28 25 2 10 17 16 13 26 6 6 17 15 0 24 22 18 18 24 23 5 9 19 21 17 12 23 4 27 25 16 
13 16 15 15 12 16 1 27 28 17 7 8 1 18 19 20 1 0 13 7 11 24 11 22 29 17 22 4 4 9 1 16 24 1 28 17 19 18 8 9 19 1 0 5 8 17 19 7 27 31 23 11 4 26 4 21 31 24 7 17 5 31 5 8 24 9 28 14 19 23 23 14 6 20 29 7 9 7 2 11 9 24 3 4 8 28 3 25 20 2 26 28 27 5 6 2 20 27 7 17 19 9 29 15 4 9 7 17 13 26 20 5 23 27 23 13 27 16 4 5 
31 18 2 23 17 9 15 18 27 6 3 1 13 30 26 29 29 28 8 13 30 19 8 19 11 4 27 8 30 27 23 4 9 3 12 7 10 26 30 0 3 10 23 28 24 29 23 20 8 10 22 30 21 21 18 27 23 3 24 17 16 18 13 23 10 25 30 28 4 18 31 17 0 25 26 22 16 24 29 17 26 22 31 2 21 3 27 7 14 28 24 21 26 22 4 23 17 5 3 22 29 0 17 22 9 0 18 11 19 17 22 4 28 6 29 9 18 5 23 18 
28 8 27 26 3 23 0 19 7 28 8 31 31 1 27 13 19 14 26 14 30 5 20 22 18 12 26 21 17 16 26 22 11 3 28 20 26 0 14 31 19 9 9 17 12 6 5 25 20 26 6 3 5 9 31 19 3 24 18 28 15 23 29 21 20 21 23 3 28 24 7 19 6 13 21 4 30 31 16 29 14 7 16 2 11 9 5 22 18 29 4 17 2 18 27 9 0 20 11 28 31 25 0 12 8 17 16 28 4 28 19 6 12 19 12 27 17 29 13 14 
19 5 24 16 4 0 0 11 2 26 13 4 17 19 9 17 4 26 19 17 7 24 21 0 17 15 4 10 7 25 3 11 26 22 12 1 21 22 17 22 22 1 14 30 4 1 10 12 7 13 12 17 21 30 7 4 7 6 2 1 21 11 18 28 1 8 9 22 18 26 3 17 25 28 20 27 2 4 30 26 2 26 5 27 14 27 9 9 17 18 30 15 21 20 0 21 12 9 4 27 30 4 24 2 24 8 18 8 24 23 30 24 14 27 3 26 14 23 23 28 
25 5 12 23 22 1 0 8 13 9 0 24 14 27 25 19 16 10 5 18 18 17 17 0 28 26 0 0 3 17 5 25 3 7 31 0 28 3 5 7 6 3 18 27 11 16 1 19 10 14 15 23 28 4 4 9 0 2 19 9 22 1 25 25 5 27 23 3 6 15 25 16 7 29 31 7 28 27 8 4 11 11 13 18 0 23 26 15 3 0 24 26 21 18 6 29 12 28 23 26 4 24 12 16 25 9 18 5 17 19 29 22 7 17 22 18 26 9 1 18 
27 8 3 3 21 7 27 2 9 7 23 10 2 9 30 30 23 21 0 21 1 13 27 16 7 28 22 6 2 3 2 18 15 29 17 3 9 13 5 21 10 13 13 9 3 28 12 25 24 26 19 4 22 9 3 4 15 2 23 25 3 6 4 24 28 26 14 31 22 1 11 22 14 13 16 12 3 2 9 15 26 7 20 8 3 15 22 15 6 16 0 23 12 17 4 28 31 7 5 4 23 10 15 14 6 3 4 28 8 8 30 26 18 16 27 19 15 0 25 0 
14 9 15 1 1 10 12 0 4 10 29 30 28 8 10 14 18 16 12 7 26 3 20 29 12 29 23 21 3 4 30 10 2 26 0 25 3 1 25 23 29 23 27 25 2 9 11 21 17 17 24 3 18 8 10 21 0 29 17 1 2 22 27 5 18 7 16 15 12 14 9 28 13 12 22 24 7 9 18 10 1 18 12 0 20 16 27 22 4 16 23 19 23 7 23 9 17 26 19 8 17 20 7 15 11 5 25 27 12 18 29 17 1 16 22 8 13 20 27 4 
19 0 15 1 1 28 18 26 19 3 16 9 27 16 10 0 24 25 3 8 7 26 14 23 31 18 3 5 24 14 13 25 3 2 17 3 19 8 7 5 27 2 13 4 12 5 16 5 1 3 31 18 0 1 21 26 4 21 18 10 6 28 19 16 12 17 19 17 26 24 19 0 5 20 10 26 19 25 31 11 0 10 3 25 19 18 28 20 6 18 31 15 17 15 10 17 27 19 15 27 23 31 11 17 31 20 15 5 1 24 0 28 11 26 24 8 31 4 1 24 
23 27 8 29 21 16 6 7 2 26 1 25 21 29 8 8 19 26 29 7 31 12 4 13 28 20 13 14 30 31 30 10 22 7 15 21 29 25 29 21 21 10 4 30 1 23 2 9 25 6 6 9 18 16 2 26 26 19 11 19 26 13 10 2 7 22 17 4 24 16 19 0 20 28 21 5 24 22 14 27 5 3 17 24 15 9 13 2 19 1 22 5 4 2 24 25 8 10 11 19 17 29 24 15 11 17 6 15 19 1 24 4 9 28 25 6 16 8 20 13 
25 30 21 22 17 5 2 7 27 7 13 26 9 25 13 3 13 20 9 31 28 25 2 6 1 4 20 1 20 0 6 28 21 14 18 11 1 28 26 0 27 2 27 14 30 14 22 23 26 0 20 28 1 7 1 1 29 6 31 27 20 11 8 4 21 17 31 19 22 7 16 11 12 2 30 10 3 2 7 8 27 19 25 0 17 2 26 14 7 17 6 14 29 27 6 26 1 19 20 9 0 0 4 20 22 20 7 14 30 6 17 27 6 1 18 27 6 5 14 0 
14 22 26 7 0 25 1 28 5 7 20 0 16 0 8 6 13 0 24 5 0 5 29 1 11 25 0 11 23 17 22 11 6 27 17 4 16 19 8 7 16 19 22 26 16 1 23 9 29 1 0 4 23 3 26 25 14 13 6 5 16 18 12 8 4 8 5 5 27 5 24 4 16 15 9 17 7 23 29 0 15 3 14 29 23 29 8 5 20 29 20 15 26 29 16 15 22 27 14 26 11 10 0 6 10 6 13 27 1 0 17 15 26 17 15 26 10 5 17 26 
23 28 7 4 24 1 9 12 1 19 28 6 0 11 25 11 0 16 30 11 22 27 29 10 6 29 29 7 26 3 21 23 10 29 3 17 31 0 4 16 30 12 31 16 20 23 5 17 24 6 0 7 28 17 10 31 18 19 3 9 11 13 20 23 3 13 2 31 16 7 14 3 2 28 8 21 21 7 9 2 30 8 15 13 30 28 26 16 7 23 23 21 12 0 4 0 24 29 28 10 0 2 2 30 22 24 25 30 11 10 31 25 29 12 22 16 11 5 21 24 
4 28 19 15 13 20 14 14 26 0 7 1 17 20 10 6 3 4 0 5 31 19 13 7 26 17 22 30 8 5 31 25 6 29 21 21 26 14 30 18 19 2 3 3 29 6 14 31 16 21 7 3 30 25 0 24 29 27 25 19 23 21 7 27 16 14 23 31 6 30 29 31 16 14 14 26 0 9 4 8 29 12 15 19 24 29 2 28 4 23 17 28 18 21 22 27 29 21 3 19 18 25 27 27 28 21 0 14 0 17 20 15 6 0 26 15 22 26 7 5 
31 19 14 12 17 8 16 3 18 2 28 18 24 21 30 8 10 10 24 28 15 4 3 11 31 21 26 15 10 29 12 10 30 5 17 1 24 7 15 17 20 1 18 6 1 1 22 8 12 8 2 11 18 21 24 18 11 16 7 22 19 5 22 16 4 17 1 26 5 18 23 1 12 18 26 4 28 3 2 25 10 22 3 0 26 1 4 10 19 1 13 10 5 9 3 12 6 19 1 10 17 0 18 27 3 26 14 28 19 9 30 22 22 12 25 29 9 2 13 10 
28 22 23 5 12 13 18 6 9 4 21 3 3 26 17 16 17 17 7 11 15 12 10 5 24 15 30 29 7 26 20 25 30 23 21 2 5 12 8 14 25 12 22 31 12 16 27 29 2 23 15 13 2 4 0 21 5 2 28 3 27 26 9 2 24 7 29 23 22 18 16 1 4 1 31 5 16 26 24 25 27 17 17 8 0 28 7 24 28 30 18 16 10 20 24 9 2 20 20 28 15 4 8 12 28 28 20 5 11 11 1 23 17 20 16 19 15 22 17 20 
30 13 14 26 6 16 16 28 17 19 25 8 5 26 27 10 24 15 25 12 27 2 8 10 29 13 9 15 30 13 26 13 23 3 14 26 15 30 19 6 6 27 20 26 28 24 5 9 22 0 1 5 26 17 26 18 9 13 30 29 18 8 27 2 11 27 19 27 16 2 7 1 22 28 23 5 1 20 16 18 17 29 25 8 4 18 26 9 26 28 20 10 28 29 24 8 14 26 22 17 3 5 3 3 20 7 27 24 29 1 7 4 23 19 13 2 27 4 1 1 
7 12 3 10 7 16 25 28 25 11 0 18 19 29 6 21 16 18 13 11 28 21 0 17 9 16 12 19 24 1 6 18 12 26 7 7 22 13 2 7 9 24 5 28 7 13 7 29 1 13 13 23 6 11 27 9 7 11 24 30 28 7 26 30 23 3 17 17 23 18 17 24 18 12 23 2 30 13 5 23 27 9 20 12 29 17 21 20 3 2 16 22 19 18 24 17 21 26 17 3 5 26 28 10 8 10 24 13 27 2 21 11 26 3 25 21 11 1 24 1 
26 13 24 7 6 9 17 29 4 2 14 3 14 29 4 27 2 29 14 11 30 9 21 20 31 21 26 2 22 25 20 7 2 0 30 3 3 21 23 30 11 1 22 25 20 30 24 21 9 25 2 26 18 3 22 20 28 2 16 10 1 16 21 0 29 1 30 30 14 30 15 18 24 19 26 13 6 16 31 16 18 1 20 18 31 21 1 8 26 5 10 14 6 17 4 27 25 24 26 22 29 23 23 6 15 6 17 6 24 27 16 18 24 25 3 19 12 29 19 23 
8 5 12 23 24 1 28 24 15 6 18 29 16 8 15 21 0 12 27 12 5 23 16 18 19 28 17 5 6 9 15 14 6 0 5 11 23 31 23 12 9 0 28 11 13 21 0 15 30 26 19 22 28 25 29 5 21 20 23 28 30 26 1 19 7 20 12 12 27 4 21 11 8 31 21 10 15 27 21 21 27 23 7 16 17 24 4 5 31 31 18 29 21 11 1 8 20 21 11 1 21 1 22 4 2 5 28 27 1 26 1 17 17 17 12 1 9 16 17 9 
10 28 17 25 19 11 15 11 18 19 29 4 2 17 11 19 3 24 23 16 28 26 24 8 3 5 28 27 0 24 30 22 31 7 28 26 14 27 13 23 7 7 31 7 0 2 2 26 0 14 7 15 17 23 15 25 26 30 8 26 8 18 28 31 16 11 24 0 15 27 14 1 23 6 25 0 23 5 22 20 11 11 0 9 29 9 27 22 7 20 10 3 16 26 15 11 17 20 25 20 16 12 6 28 23 3 19 9 22 2 22 12 26 9 21 3 20 5 30 19 
12 21 2 3 31 8 4 9 15 9 23 0 24 27 16 19 21 25 29 9 11 28 20 12 30 16 18 21 19 26 0 9 27 8 23 12 19 2 28 11 14 11 28 26 8 6 16 10 7 19 20 24 31 1 22 23 31 25 0 19 29 4 6 17 22 28 17 25 3 12 7 12 0 24 7 11 29 7 22 13 6 8 24 21 18 30 20 18 2 19 26 13 30 13 25 21 28 16 12 28 22 25 19 26 15 3 16 30 19 18 14 18 2 9 19 31 10 13 15 22 
19 1 19 29 7 21 18 2 26 22 2 11 11 17 0 4 8 15 28 9 22 26 21 21 30 0 2 0 28 2 17 21 0 19 19 8 18 19 19 0 28 1 0 6 19 8 16 14 24 7 11 5 18 0 23 7 22 22 20 1 5 0 15 18 10 31 15 28 1 3 1 12 14 29 25 5 8 9 23 12 12 3 19 25 9 27 26 25 7 0 28 8 15 3 12 10 1 29 8 8 13 20 0 27 9 17 29 26 28 26 14 25 20 4 27 25 9 20 2 2 
8 2 17 9 11 17 13 27 21 7 4 8 18 8 16 0 31 10 29 17 30 25 16 29 23 27 0 26 30 26 11 28 7 20 19 24 28 17 20 27 8 27 1 13 27 25 25 16 26 23 16 26 2 14 3 30 15 7 15 16 19 21 17 20 29 9 22 18 28 15 1 9 26 23 13 17 4 17 0 2 27 16 21 14 24 26 21 16 5 12 30 17 20 29 28 22 7 8 9 20 2 24 20 13 5 12 23 11 30 16 6 2 4 18 14 19 8 23 28 4 
8 29 15 2 22 10 1 28 0 22 21 24 3 10 11 29 25 9 24 31 8 21 30 24 16 30 8 8 18 17 12 9 18 6 11 3 0 18 11 9 4 24 28 9 26 11 28 13 26 18 12 7 19 17 29 18 20 2 6 4 13 20 15 29 28 24 22 1 27 0 29 0 16 23 19 7 29 24 6 9 8 30 31 18 4 9 24 23 7 22 18 9 2 25 27 8 1 20 30 2 15 25 12 30 8 21 1 23 4 23 18 0 3 0 5 31 16 29 20 8 
19 24 0 26 2 4 21 11 29 9 0 24 5 27 21 16 22 1 26 5 15 2 29 27 7 22 17 17 30 3 18 25 29 5 7 1 28 17 6 12 23 1 21 22 31 0 13 13 19 26 0 10 24 26 22 17 5 23 17 8 10 2 24 0 6 25 4 10 12 14 0 0 6 18 28 24 20 7 22 8 23 0 0 21 13 18 6 13 12 27 21 7 0 21 11 9 3 26 12 7 0 30 30 17 4 0 10 13 14 16 31 10 30 22 31 26 5 19 6 0 
28 17 2 31 22 31 21 4 25 24 20 17 9 3 22 13 0 24 9 28 22 3 7 18 16 22 10 2 5 31 29 24 6 23 16 3 28 14 21 16 17 5 14 26 11 2 23 11 2 12 27 16 11 12 14 12 30 28 25 18 18 5 2 22 29 10 9 10 15 22 16 17 22 8 9 0 3 26 30 18 13 17 12 22 19 26 4 22 23 17 0 19 13 11 16 16 28 13 11 9 0 2 7 0 13 0 21 13 7 23 25 29 22 1 14 31 3 25 6 7 
18 4 21 26 3 29 30 8 10 14 19 13 31 7 1 22 22 1 24 23 3 27 5 20 5 12 14 28 11 12 20 29 20 24 17 9 21 17 12 7 24 17 28 15 7 5 19 26 25 8 26 15 4 1 26 3 1 31 24 0 9 29 11 15 7 0 10 15 2 6 2 17 24 23 19 0 30 25 27 27 19 19 8 2 11 7 12 18 28 11 21 13 22 24 0 0 0 13 20 26 14 31 24 7 28 9 23 7 22 31 9 15 23 19 18 21 9 12 0 24 
17 29 9 2 2 4 1 8 29 22 26 25 29 12 26 1 22 22 22 28 9 4 16 19 3 8 30 13 0 10 17 23 15 28 17 25 21 29 24 1 19 2 0 22 2 24 26 1 5 7 9 1 11 12 5 5 12 25 7 3 29 4 16 22 1 19 3 18 20 11 17 8 0 12 31 31 31 6 14 7 9 12 19 17 26 1 13 28 30 18 20 13 0 12 21 4 20 26 26 23 0 29 19 27 22 16 2 17 31 7 30 11 8 6 13 26 18 6 23 30 
29 10 13 16 27 17 16 18 24 18 17 0 31 28 15 2 7 27 26 27 6 6 6 4 20 18 2 6 4 16 26 14 30 12 0 2 31 21 11 14 6 26 21 12 6 30 30 20 19 26 8 27 16 8 19 28 25 11 3 31 11 15 3 23 5 1 21 4 19 4 22 25 29 31 23 16 17 16 26 6 24 1 22 21 21 11 6 4 0 9 17 19 14 1 7 19 20 7 10 18 17 20 26 0 9 26 16 22 7 22 24 23 13 25 25 0 24 18 30 22 
29 18 16 1 4 17 8 30 1 7 19 22 22 1 14 4 19 24 3 5 11 3 16 19 19 7 4 6 26 25 27 14 28 26 29 13 16 10 26 14 15 16 17 23 13 6 16 11 15 12 18 14 13 10 19 17 6 27 17 1 8 26 26 2 7 2 20 17 6 26 29 16 8 14 10 29 28 8 30 4 5 2 10 17 17 26 20 17 16 17 28 21 5 3 7 13 13 10 26 25 3 20 11 21 3 5 15 24 21 6 2 26 6 3 25 26 1 2 20 27 
8 13 7 19 6 18 19 18 26 10 7 0 29 24 1 19 6 17 29 1 30 22 24 20 27 20 26 10 7 5 28 2 28 31 30 30 7 26 22 23 24 9 31 25 6 25 10 18 7 29 9 24 25 26 30 19 29 15 3 11 15 14 5 15 22 30 1 20 9 20 1 20 13 7 28 31 18 8 28 11 5 23 3 11 7 23 15 16 28 19 20 5 16 18 27 9 20 22 0 26 0 20 22 29 22 25 24 2 15 4 28 12 2 14 20 8 19 13 31 4 
3 14 27 19 15 16 2 18 2 20 30 28 4 3 12 13 1 14 13 10 17 20 13 4 3 25 26 13 17 16 14 26 28 22 6 26 17 29 5 22 5 15 1 28 22 0 24 17 3 24 2 12 26 25 26 9 17 7 21 9 31 1 23 31 8 19 16 4 18 23 31 3 24 26 7 7 23 16 18 23 14 16 22 17 30 5 17 7 20 5 7 10 21 22 5 11 18 24 10 31 10 5 30 21 2 24 26 15 23 3 11 7 1 9 29 25 1 3 8 7 
19 0 4 20 18 24 25 28 2 6 22 25 1 27 12 23 20 17 31 12 7 22 15 21 30 16 20 30 5 31 7 26 8 14 12 27 20 9 1 10 25 24 27 25 1 6 0 13 12 26 30 8 11 9 10 9 26 3 18 18 6 1 26 15 21 3 19 26 3 9 19 12 21 4 0 21 21 9 1 24 30 22 22 0 29 9 11 5 17 1 0 17 14 30 5 16 4 19 22 17 6 30 18 3 0 17 21 31 10 7 14 4 2 13 5 9 10 31 2 25 
21 2 25 6 0 31 14 28 19 1 14 18 15 21 28 27 17 16 24 1 2 7 27 20 7 3 16 23 10 16 3 29 3 6 31 26 1 17 18 17 17 24 17 28 13 23 4 27 29 5 0 21 2 20 25 9 22 7 12 5 27 14 14 21 7 24 4 30 29 16 13 3 18 26 28 23 20 17 5 11 27 16 20 30 22 8 23 7 20 17 24 25 26 15 6 12 21 4 30 9 23 9 27 25 4 28 13 11 2 26 4 13 20 1 2 13 20 13 7 17 
17 0 0 19 1 24 0 29 28 10 4 8 9 19 27 2 26 21 3 8 15 31 17 23 30 31 23 26 31 23 27 29 2 11 18 18 27 17 7 1 1 24 18 16 15 7 22 17 5 26 16 5 20 17 24 23 9 10 30 28 8 7 16 14 1 9 4 20 3 5 5 24 6 9 11 5 3 15 11 23 17 25 10 12 15 17 5 23 4 21 28 1 8 16 7 11 20 24 29 0 22 0 7 17 31 10 26 6 28 3 30 7 21 9 17 2 18 7 28 3 
31 18 3 21 28 18 16 16 15 11 10 9 18 26 0 18 2 9 5 13 1 6 26 25 1 28 19 15 17 31 20 27 1 19 5 7 20 28 14 5 2 28 31 11 20 20 9 29 30 3 3 3 18 12 6 8 21 14 23 16 8 25 19 18 28 19 8 6 14 16 16 9 19 26 11 6 1 31 26 18 10 21 25 13 3 27 10 30 8 14 15 29 14 19 21 26 3 7 21 29 0 21 1 31 12 13 11 0 31 2 2 9 1 3 2 24 12 22 19 17 
4 13 7 14 30 28 20 26 0 4 9 25 10 16 17 27 28 17 11 23 9 6 3 1 22 8 17 20 28 24 21 4 9 23 14 1 29 20 18 6 3 25 16 19 12 15 29 26 13 29 28 15 5 18 7 2 30 20 19 12 3 16 5 18 28 27 13 11 8 1 30 16 17 25 7 23 27 4 4 14 20 11 28 0 13 8 0 3 21 28 1 24 11 9 20 24 27 10 13 11 3 29 26 7 24 19 30 2 0 28 18 20 7 11 31 26 20 16 11 23 
8 3 14 31 0 15 28 11 7 6 22 19 12 26 6 31 23 28 14 27 4 23 3 29 30 22 29 9 0 7 7 8 9 2 0 20 29 24 28 25 10 0 20 23 27 7 26 19 18 31 6 16 21 1 11 26 22 4 23 10 2 19 7 17 26 25 29 19 18 24 6 25 3 8 9 13 24 16 19 19 13 4 1 1 22 26 23 24 1 1 12 9 25 17 7 21 3 17 18 14 6 0 3 14 14 15 15 5 14 24 18 8 30 29 22 15 1 21 6 16 
16 17 31 4 19 18 8 20 26 6 3 17 16 2 13 26 1 7 16 2 16 9 24 8 1 9 17 26 11 20 11 8 13 0 30 5 6 28 28 23 7 27 16 17 14 16 6 28 3 26 7 13 5 24 20 26 5 1 24 1 10 26 14 7 19 2 13 8 7 23 14 12 7 4 4 24 30 3 21 4 12 24 22 25 16 11 9 14 5 0 26 8 9 15 6 29 29 10 30 1 3 4 14 17 23 0 31 7 24 6 23 21 31 24 29 16 0 24 24 20 
25 2 7 31 3 13 28 14 13 23 3 5 17 11 12 26 19 24 0 28 23 1 18 19 25 26 5 2 18 25 21 12 0 11 25 20 13 25 5 14 2 26 25 25 27 4 0 24 5 4 9 6 7 12 5 8 19 23 30 11 3 22 21 0 27 17 23 2 14 17 1 1 29 21 24 3 4 2 26 22 31 7 3 20 4 1 14 14 2 8 17 18 8 3 1 0 8 15 2 5 30 17 24 29 0 16 17 3 18 19 14 30 15 8 11 13 6 0 16 12 
13 28 29 7 21 0 7 6 10 7 22 8 30 30 8 6 8 30 16 8 10 3 2 12 7 13 30 10 23 8 26 30 26 4 16 25 30 24 21 23 19 10 10 20 30 14 18 19 28 12 25 16 16 5 8 26 18 16 20 29 22 8 27 25 5 22 2 28 28 1 24 29 3 23 31 1 15 26 3 26 4 30 18 18 1 2 5 29 30 11 25 2 6 31 30 25 4 29 5 27 9 9 23 1 1 6 26 17 7 26 19 3 17 17 13 18 15 23 3 25 
27 24 18 31 10 0 2 10 7 7 7 22 26 6 6 25 18 23 4 18 27 19 22 24 18 18 8 26 27 28 20 31 9 22 19 9 7 5 8 16 20 20 18 10 27 10 25 11 21 4 24 10 29 1 11 18 2 5 31 4 31 20 6 0 1 1 31 24 20 11 21 21 14 17 9 8 14 29 21 28 9 12 5 23 15 28 27 17 9 26 28 30 31 19 30 21 30 22 26 27 30 10 30 19 26 22 16 15 15 17 3 30 3 25 13 14 16 2 11 15 
16 12 14 1 2 4 24 26 19 16 17 17 31 4 0 6 31 3 3 17 16 14 30 15 13 31 17 12 18 15 2 20 12 8 29 21 12 1 15 19 3 17 23 2 10 26 17 25 12 25 30 5 23 19 18 27 20 3 11 31 27 20 9 26 31 13 29 0 6 21 22 26 7 18 9 9 14 25 23 1 30 0 14 22 25 13 5 18 7 18 19 1 24 19 28 2 30 17 25 18 24 19 28 9 11 10 17 5 17 9 13 20 4 16 1 27 6 7 28 20 
31 21 11 21 26 28 9 22 13 4 9 27 11 7 25 25 4 25 19 27 19 0 22 1 21 6 7 21 19 8 10 2 6 27 21 4 22 27 25 4 5 27 26 31 18 30 16 10 2 13 16 16 31 29 20 20 15 11 3 30 7 11 6 23 29 0 20 19 27 4 23 1 4 2 23 7 22 31 21 14 11 2 4 5 9 13 18 14 3 1 16 26 14 30 24 24 2 29 11 17 6 0 10 19 30 25 21 5 15 0 7 2 2 21 12 29 11 13 15 18 
28 21 16 14 15 12 23 20 17 7 29 19 26 13 17 2 4 9 27 6 31 1 24 20 29 25 9 5 18 0 18 28 25 22 6 29 23 21 11 28 6 25 1 7 13 17 2 12 23 26 21 7 17 9 30 3 22 9 15 25 16 24 31 2 10 30 15 14 22 17 29 28 18 6 14 29 0 18 29 20 7 22 9 25 20 24 8 7 6 8 29 19 20 20 18 25 2 18 6 24 26 1 30 10 8 14 3 23 25 14 21 16 21 10 1 19 13 31 17 1 
31 25 12 12 24 26 18 5 18 22 26 17 1 26 5 24 21 9 27 1 13 16 26 3 14 16 28 11 4 7 16 23 14 15 6 24 16 17 8 24 6 20 29 22 2 20 3 1 22 7 8 22 18 17 4 17 19 26 3 5 10 10 5 0 24 10 0 8 8 14 29 12 12 25 26 6 1 0 13 26 26 21 5 10 24 30 13 16 17 0 28 6 10 2 5 26 19 24 14 19 31 27 17 17 9 17 18 17 13 10 31 29 26 11 5 13 22 25 4 9 
26 18 26 21 23 5 21 19 27 26 26 28 0 17 28 19 8 11 25 1 29 28 20 23 9 26 11 13 28 13 27 22 16 30 1 9 27 5 0 20 7 10 2 22 12 13 5 11 12 15 6 18 26 4 12 0 27 6 24 13 9 23 29 23 7 0 27 25 8 9 5 16 6 29 25 24 17 24 17 12 14 2 4 27 17 17 20 17 17 8 4 8 3 14 14 3 8 7 31 23 11 27 10 15 2 25 10 26 18 19 22 20 23 25 2 3 9 17 31 7 
5 18 25 24 15 25 24 26 16 1 5 9 7 22 29 4 7 3 21 20 26 16 2 17 8 17 30 14 12 28 5 29 24 4 22 30 9 10 3 14 15 7 13 25 17 7 27 17 21 22 2 24 30 4 11 15 3 0 14 29 20 21 5 30 8 3 0 7 9 8 0 29 17 18 12 7 19 4 29 23 1 0 21 28 4 14 11 29 7 7 9 24 5 17 27 5 29 10 24 24 3 5 23 29 8 7 12 26 4 24 20 22 5 8 1 4 19 15 31 14 
1 20 31 17 5 5 27 18 20 30 7 20 22 28 3 7 22 19 19 20 12 27 19 17 0 31 18 25 1 24 3 15 14 2 20 17 29 2 30 28 11 29 28 21 3 2 2 25 2 4 31 3 31 25 25 29 27 10 8 10 29 18 24 23 14 24 7 26 22 3 11 1 18 11 31 17 3 11 20 10 25 1 5 7 22 11 4 23 27 28 2 13 8 17 17 16 11 14 30 11 29 6 20 2 13 9 9 25 4 25 15 0 8 23 19 0 23 18 7 24 
21 26 11 16 0 18 20 10 15 8 31 8 11 10 7 25 15 4 29 28 15 12 22 28 30 23 22 30 12 11 3 21 0 6 30 27 15 22 6 5 8 25 14 21 22 29 6 1 10 12 26 28 30 2 17 0 8 19 3 0 12 16 26 4 2 9 20 26 23 22 0 1 29 4 21 2 7 12 19 10 16 13 13 27 22 2 1 26 8 16 1 15 29 15 18 8 24 17 15 30 18 3 15 5 28 1 24 22 24 16 7 24 29 31 16 24 8 18 2 13 
27 15 29 17 20 18 26 2 15 1 9 17 26 19 17 19 27 0 13 13 3 2 8 19 30 12 0 4 24 3 17 26 19 4 22 9 6 14 30 14 15 12 6 5 28 30 2 10 4 11 2 27 21 13 11 22 22 29 12 29 20 30 12 27 26 2 17 19 26 18 3 24 18 19 8 16 25 9 0 25 11 17 22 7 23 24 10 10 1 25 7 24 23 16 29 18 20 30 15 10 11 3 3 28 18 14 4 11 31 2 0 22 2 17 18 21 11 22 4 3 
28 30 24 22 8 30 0 28 11 19 17 27 11 29 29 16 23 18 19 7 20 8 29 11 9 10 28 16 7 29 10 25 8 18 16 31 8 18 26 7 30 26 24 20 1 12 9 16 26 0 2 23 24 1 19 18 25 25 17 1 6 26 3 30 19 30 4 17 27 6 17 4 23 17 21 6 17 0 3 10 9 28 23 16 23 13 5 5 22 9 17 3 6 14 14 26 5 10 29 25 13 13 13 1 7 4 7 28 13 30 29 25 10 3 17 11 11 11 16 18 
27 12 14 7 4 5 18 16 25 4 5 0 31 27 17 21 12 13 6 19 20 28 0 31 18 3 28 27 22 10 2 18 13 16 1 28 3 19 31 23 6 7 31 27 1 14 2 1 31 23 17 10 22 19 12 21 26 4 26 11 1 29 2 23 15 25 31 29 27 25 22 12 11 26 18 18 23 26 24 3 15 23 24 1 7 13 10 15 23 8 15 6 10 25 12 21 19 25 0 23 28 18 3 16 23 22 27 9 17 26 21 4 18 17 26 0 16 17 0 17 
17 6 4 29 21 1 24 18 9 3 4 1 3 0 23 16 19 8 25 16 25 17 28 28 12 11 1 3 28 7 0 16 1 28 9 14 7 17 16 2 7 2 11 13 13 0 18 16 6 20 15 2 7 15 23 14 10 18 2 20 11 28 3 12 30 7 25 24 4 15 9 10 20 21 3 2 31 22 1 26 18 10 9 19 7 14 27 19 8 9 31 6 17 3 5 25 28 3 24 2 2 31 12 26 26 13 0 19 8 12 3 16 8 13 1 16 19 10 30 29 
